36
26.6
1.3
0
44.3
7.9
18
1.9
100
0
0
0
0
0
0
100
0
0
0
0
0
0
100
0
0
0
0
0
0
0
3.3
0
25.1
22.1
49.6
0
0
3.6
0
31.6
24.7
35.6
4.5
0
3.1
0
40.6
10.7
42.8
2.8
0
2.2
0
50.3
10.4
30.9
6.3
0
1.7
0
59
9.6
25.4
4.4
0
1.1
0
66.3
8.7
20.8
3.1
0
0.8
0
72.6
7.7
16.7
2.2
0
0.5
0
78.6
6.7
12.8
1.4
0
0.4
0
83.5
5.6
9.5
0.9
0
0.3
0
87.5
4.6
7
0.6
0
0.2
0
90.8
3.7
5
0.4
0
0.1
0
93.3
2.9
3.4
0.2
0
0.1
0
95.2
2.2
2.4
0.1
0
0.1
0
96.6
1.7
1.6
0.1
0
0.1
0
97.6
1.3
1
0
0
0
0
98.3
1
0.7
0
0
0
0
98.7
0.7
0.5
0
0
0
0
99.1
0.5
0.4
0
26.9
1.1
0
41
6.7
21.9
2.4
100
0
0
0
0
0
0
100
0
0
0
0
0
0
100
0
0
0
0
0
0
0
2.7
0
23.7
19.4
54.3
0
0
3.1
0
28.9
22.6
40.3
5.1
0
2.7
0
37.2
8
48.6
3.4
0
2
0
46
7.8
36.7
7.5
0
1.6
0
54.1
7.3
31.4
5.5
0
1.1
0
61.3
6.8
26.7
4.1
0
0.8
0
67.7
6.2
22.4
3
0
0.6
0
73.7
5.5
18.1
2.1
0
0.4
0
79.2
4.7
14.2
1.5
0
0.3
0
83.9
4
10.9
1
0
0.2
0
87.7
3.3
8.1
0.6
0
0.2
0
90.8
2.7
5.9
0.4
0
0.1
0
93.2
2.2
4.3
0.2
0
0.1
0
95
1.7
3
0.1
0
0.1
0
96.3
1.4
2.1
0.1
0
0.1
0
97.3
1.1
1.5
0.1
0
0
0
98.1
0.8
1
0
0
0
0
98.6
0.6
0.7
0
26.3
1.4
0
47.7
9.2
14.1
1.4
100
0
0
0
0
0
0
100
0
0
0
0
0
0
100
0
0
0
0
0
0
0
3.9
0
26.5
24.9
44.7
0
0
4.2
0
34.3
27
30.6
3.9
0
3.5
0
44.1
13.4
36.8
2.2
0
2.4
0
54.6
13
24.9
5.1
0
1.8
0
63.9
12
19.1
3.2
0
1.2
0
71.8
10.7
14.3
2
0
0.8
0
78
9.4
10.6
1.3
0
0.5
0
83.3
7.9
7.5
0.8
0
0.4
0
87.7
6.5
5.1
0.4
0
0.2
0
91
5.1
3.4
0.2
0
0.2
0
93.6
4
2.1
0.1
0
0.1
0
95.4
3
1.3
0.1
0
0.1
0
96.8
2.3
0.8
0
0
0.1
0
97.8
1.7
0.5
0
0
0
0
98.4
1.2
0.3
0
0
0
0
98.9
0.9
0.2
0
0
0
0
99.3
0.6
0.1
0
0
0
0
99.5
0.4
0.1
0
29
1.3
0
38.6
7.5
20.9
2.7
100
0
0
0
0
0
0
100
0
0
0
0
0
0
100
0
0
0
0
0
0
0
2.2
0
20.7
18.1
58.9
0
0
3.3
0
23.7
23.3
43.3
6.4
0
3.6
0
31.5
10.5
49.8
4.6
0
3.1
0
40.6
10.6
36.7
8.9
0
2.2
0
50.2
10.3
30.9
6.3
0
1.7
0
58.9
9.6
25.4
4.4
0
1.1
0
66.3
8.7
20.8
3.1
0
0.8
0
72.6
7.7
16.7
2.2
0
0.5
0
78.6
6.7
12.7
1.4
0
0.4
0
83.7
5.6
9.4
0.9
0
0.3
0
87.7
4.6
6.9
0.6
0
0.2
0
90.9
3.7
4.8
0.4
0
0.1
0
93.5
2.9
3.3
0.2
0
0.1
0
95.4
2.2
2.2
0.1
0
0.1
0
96.7
1.7
1.5
0.1
0
0.1
0
97.6
1.3
1
0
0
0
0
98.3
0.9
0.7
0
0
0
0
98.7
0.7
0.5
0
29.3
1.2
0
35.4
6.2
24.8
3.2
100
0
0
0
0
0
0
100
0
0
0
0
0
0
100
0
0
0
0
0
0
0
1.8
0
19.9
15.6
62.6
0
0
2.7
0
21.8
21.3
48.1
6.2
0
3.1
0
28.9
8
54.8
5.1
0
2.7
0
37.2
8
41.9
10.1
0
2
0
46
7.8
36.7
7.5
0
1.6
0
54.1
7.3
31.4
5.5
0
1.1
0
61.3
6.8
26.7
4.1
0
0.8
0
67.7
6.2
22.4
3
0
0.6
0
73.7
5.5
18.1
2.1
0
0.4
0
79.2
4.7
14.2
1.5
0
0.3
0
83.9
4
10.9
1
0
0.2
0
87.7
3.3
8.1
0.6
0
0.2
0
90.8
2.7
5.9
0.4
0
0.1
0
93.2
2.2
4.3
0.2
0
0.1
0
95
1.7
3
0.1
0
0.1
0
96.3
1.4
2.1
0.1
0
0.1
0
97.3
1.1
1.5
0.1
0
0
0
98.1
0.8
1
0
28.7
1.5
0
42
8.8
16.9
2.1
100
0
0
0
0
0
0
100
0
0
0
0
0
0
100
0
0
0
0
0
0
0
2.6
0
21.6
20.7
55
0
0
3.9
0
25.9
25.6
38.1
6.6
0
4.2
0
34.3
13.3
44.3
3.9
0
3.5
0
44.1
13.4
31.2
7.7
0
2.4
0
54.6
13
24.9
5.1
0
1.8
0
63.9
12
19.1
3.2
0
1.2
0
71.8
10.7
14.3
2
0
0.8
0
78
9.4
10.6
1.3
0
0.5
0
83.3
7.9
7.5
0.8
0
0.4
0
87.7
6.5
5.1
0.4
0
0.2
0
91
5.1
3.4
0.2
0
0.2
0
93.6
4
2.1
0.1
0
0.1
0
95.4
3
1.3
0.1
0
0.1
0
96.8
2.3
0.8
0
0
0.1
0
97.8
1.7
0.5
0
0
0
0
98.4
1.2
0.3
0
0
0
0
98.9
0.9
0.2
0
0
0
0
99.3
0.6
0.1
0
30.2
1.3
0
33.4
7.4
24
3.6
100
0
0
0
0
0
0
100
0
0
0
0
0
0
100
0
0
0
0
0
0
0
1.4
0
16.2
16.1
66.3
0
0
2.2
0
18.4
20.5
50.9
8
0
3.3
0
23.7
10.1
55.9
7
0
3.6
0
31.5
10.5
42.1
12.3
0
3.1
0
40.6
10.7
36.7
8.9
0
2.2
0
50.2
10.3
30.9
6.3
0
1.7
0
58.9
9.6
25.4
4.4
0
1.1
0
66.3
8.7
20.8
3.1
0
0.8
0
72.7
7.7
16.6
2.2
0
0.5
0
78.8
6.7
12.5
1.4
0
0.4
0
83.8
5.7
9.2
0.9
0
0.3
0
87.8
4.6
6.7
0.6
0
0.2
0
91.1
3.7
4.7
0.3
0
0.1
0
93.6
2.9
3.1
0.2
0
0.1
0
95.5
2.2
2.1
0.1
0
0.1
0
96.8
1.7
1.4
0.1
0
0.1
0
97.7
1.3
0.9
0
0
0
0
98.3
0.9
0.7
0
30.6
1.2
0
30.3
6.2
27.7
4.1
100
0
0
0
0
0
0
100
0
0
0
0
0
0
100
0
0
0
0
0
0
0
1.3
0
15.9
15.5
67.4
0
0
1.8
0
16.7
18.8
55.4
7.2
0
2.7
0
21.8
7.9
60.3
7.4
0
3.1
0
28.9
8
46.7
13.3
0
2.7
0
37.2
8
41.9
10.1
0
2
0
46
7.8
36.7
7.5
0
1.6
0
54.1
7.3
31.4
5.5
0
1.1
0
61.3
6.8
26.7
4.1
0
0.8
0
67.6
6.2
22.4
3
0
0.6
0
73.7
5.5
18.1
2.1
0
0.4
0
79.2
4.7
14.2
1.5
0
0.3
0
83.8
4
10.9
1
0
0.2
0
87.7
3.3
8.1
0.6
0
0.2
0
90.8
2.7
5.9
0.4
0
0.1
0
93.2
2.2
4.3
0.2
0
0.1
0
95
1.7
3
0.1
0
0.1
0
96.3
1.4
2.1
0.1
0
0.1
0
97.3
1.1
1.5
0.1
29.8
1.5
0
36.7
8.7
20.4
3.1
100
0
0
0
0
0
0
100
0
0
0
0
0
0
100
0
0
0
0
0
0
0
1.6
0
16.4
16.7
65.3
0
0
2.6
0
20.1
22.2
46.2
8.9
0
3.9
0
25.9
12.6
51
6.6
0
4.2
0
34.3
13.3
37.1
11.2
0
3.5
0
44.1
13.4
31.2
7.7
0
2.4
0
54.6
13
24.9
5.1
0
1.8
0
63.9
12
19.1
3.2
0
1.2
0
71.8
10.7
14.3
2
0
0.8
0
78
9.4
10.6
1.3
0
0.5
0
83.3
7.9
7.5
0.8
0
0.4
0
87.7
6.5
5.1
0.4
0
0.2
0
91
5.1
3.4
0.2
0
0.2
0
93.6
4
2.2
0.1
0
0.1
0
95.4
3
1.3
0.1
0
0.1
0
96.8
2.3
0.8
0
0
0.1
0
97.8
1.7
0.5
0
0
0
0
98.4
1.2
0.3
0
0
0
0
98.9
0.9
0.2
0
29.6
1.3
0
28.8
7.7
27.9
4.7
100
0
0
0
0
0
0
100
0
0
0
0
0
0
100
0
0
0
0
0
0
0
1.1
0
12.4
16.7
69.8
0
0
1.4
0
13.2
17.5
58.4
9.6
0
2.2
0
18.4
9.6
59.7
10.1
0
3.3
0
23.8
10.2
46.6
16.2
0
3.6
0
31.5
10.6
42.1
12.3
0
3.1
0
40.6
10.7
36.7
8.9
0
2.2
0
50.3
10.4
30.9
6.3
0
1.7
0
59
9.6
25.4
4.4
0
1.1
0
66.4
8.7
20.7
3.1
0
0.8
0
72.9
7.8
16.4
2.1
0
0.5
0
78.9
6.8
12.3
1.4
0
0.4
0
84.1
5.7
9
0.9
0
0.3
0
88.1
4.7
6.4
0.5
0
0.2
0
91.4
3.7
4.4
0.3
0
0.1
0
93.9
2.9
2.9
0.2
0
0.1
0
95.7
2.2
1.9
0.1
0
0.1
0
97
1.7
1.2
0.1
0
0
0
97.8
1.3
0.8
0
30.1
1.2
0
25.8
6.5
31.3
5.1
100
0
0
0
0
0
0
100
0
0
0
0
0
0
100
0
0
0
0
0
0
0
1
0
12.6
16.3
70.1
0
0
1.3
0
12.1
16.3
61.9
8.4
0
1.8
0
16.7
7.5
63.8
10.1
0
2.7
0
21.8
7.9
50.6
17.1
0
3.1
0
28.9
8
46.7
13.3
0
2.7
0
37.2
8
41.9
10.1
0
2
0
46
7.8
36.7
7.5
0
1.6
0
54.1
7.3
31.5
5.5
0
1.1
0
61.2
6.8
26.8
4.1
0
0.8
0
67.6
6.2
22.4
3
0
0.6
0
73.6
5.5
18.2
2.1
0
0.4
0
79.1
4.7
14.3
1.5
0
0.3
0
83.8
4
10.9
1
0
0.2
0
87.7
3.3
8.1
0.6
0
0.2
0
90.8
2.7
6
0.4
0
0.1
0
93.2
2.2
4.3
0.2
0
0.1
0
95
1.7
3
0.1
0
0.1
0
96.3
1.4
2.1
0.1
29.1
1.5
0
31.9
8.9
24.4
4.2
100
0
0
0
0
0
0
100
0
0
0
0
0
0
100
0
0
0
0
0
0
0
1.2
0
12.2
17.1
69.4
0
0
1.6
0
14.3
18.7
54.6
10.7
0
2.6
0
20.1
11.9
55.2
10.1
0
3.9
0
25.9
12.6
42.3
15.3
0
4.2
0
34.3
13.3
37.1
11.2
0
3.5
0
44.1
13.4
31.2
7.7
0
2.4
0
54.6
13
24.9
5.1
0
1.8
0
63.9
12
19.1
3.2
0
1.2
0
71.8
10.7
14.3
2
0
0.8
0
78
9.4
10.6
1.3
0
0.5
0
83.3
7.9
7.5
0.8
0
0.4
0
87.6
6.5
5.1
0.4
0
0.2
0
91
5.1
3.4
0.2
0
0.2
0
93.6
4
2.2
0.1
0
0.1
0
95.4
3
1.4
0.1
0
0.1
0
96.8
2.3
0.8
0
0
0.1
0
97.8
1.7
0.5
0
0
0
0
98.4
1.2
0.3
0
29
1.3
0
24.1
7.8
31.6
6.3
100
0
0
0
0
0
0
100
0
0
0
0
0
0
100
0
0
0
0
0
0
0
0.9
0
9.9
16.7
72.4
0
0
1.1
0
8.6
15
64.2
11.1
0
1.4
0
13.2
8.7
62.7
14
0
2.2
0
18.3
9.6
49.4
20.4
0
3.3
0
23.8
10.2
46.6
16.2
0
3.6
0
31.5
10.6
42
12.3
0
3.1
0
40.6
10.7
36.7
8.9
0
2.2
0
50.3
10.4
30.8
6.3
0
1.7
0
59
9.7
25.3
4.4
0
1.1
0
66.6
8.8
20.4
3
0
0.8
0
73
7.9
16.3
2.1
0
0.5
0
79.2
6.9
12
1.4
0
0.4
0
84.3
5.8
8.7
0.8
0
0.3
0
88.3
4.7
6.2
0.5
0
0.2
0
91.6
3.8
4.1
0.3
0
0.1
0
94.1
2.9
2.7
0.2
0
0.1
0
95.9
2.2
1.7
0.1
0
0.1
0
97
1.7
1.1
0.1
29.5
1.2
0
21.3
6.6
34.8
6.6
100
0
0
0
0
0
0
100
0
0
0
0
0
0
100
0
0
0
0
0
0
0
0.8
0
10.3
16.6
72.2
0
0
1
0
8
14.2
67.1
9.7
0
1.3
0
12.1
7.1
66.2
13.4
0
1.8
0
16.7
7.5
53.1
20.8
0
2.7
0
21.8
7.9
50.6
17.1
0
3.1
0
28.9
8
46.7
13.3
0
2.7
0
37.2
8
42
10.1
0
2
0
46
7.8
36.7
7.5
0
1.6
0
54.1
7.4
31.5
5.5
0
1.1
0
61.1
6.8
26.8
4.1
0
0.8
0
67.5
6.2
22.5
3
0
0.6
0
73.5
5.5
18.2
2.2
0
0.4
0
79
4.8
14.4
1.5
0
0.3
0
83.7
4
11
1
0
0.2
0
87.6
3.3
8.2
0.6
0
0.2
0
90.7
2.7
6
0.4
0
0.1
0
93.2
2.2
4.3
0.2
0
0.1
0
95
1.7
3
0.1
28.5
1.5
0
26.9
9
28.3
5.9
100
0
0
0
0
0
0
100
0
0
0
0
0
0
100
0
0
0
0
0
0
0
1.1
0
9.5
16.8
72.6
0
0
1.2
0
9.2
15.8
61.1
12.7
0
1.6
0
14.3
10.5
58.9
14.6
0
2.6
0
20.1
11.9
45.4
20
0
3.9
0
25.9
12.6
42.3
15.3
0
4.2
0
34.3
13.3
37.1
11.2
0
3.5
0
44.1
13.4
31.2
7.7
0
2.4
0
54.6
13
25
5.1
0
1.8
0
63.9
12
19.1
3.2
0
1.2
0
71.7
10.7
14.4
2
0
0.8
0
77.9
9.4
10.6
1.3
0
0.5
0
83.3
7.9
7.5
0.8
0
0.4
0
87.6
6.5
5.1
0.4
0
0.2
0
91
5.2
3.4
0.2
0
0.2
0
93.5
4
2.2
0.1
0
0.1
0
95.4
3
1.4
0.1
0
0.1
0
96.8
2.3
0.8
0
0
0.1
0
97.8
1.7
0.5
0
27.4
1.3
0
20.5
7.7
34.9
8.3
100
0
0
0
0
0
0
100
0
0
0
0
0
0
100
0
0
0
0
0
0
0
0.8
0
8.4
16.4
74.4
0
0
0.9
0
5
13.2
68.1
12.8
0
1.1
0
8.6
7.5
64.5
18.3
0
1.4
0
13.2
8.7
51.4
25.3
0
2.2
0
18.3
9.6
49.4
20.4
0
3.3
0
23.7
10.2
46.6
16.3
0
3.6
0
31.5
10.6
42
12.3
0
3.1
0
40.6
10.7
36.7
8.9
0
2.2
0
50.3
10.4
30.8
6.3
0
1.7
0
59.1
9.8
25.1
4.4
0
1.1
0
66.7
8.9
20.3
3
0
0.8
0
73.2
8
15.9
2.1
0
0.5
0
79.4
7
11.7
1.3
0
0.4
0
84.7
5.9
8.2
0.8
0
0.3
0
88.6
4.8
5.8
0.5
0
0.2
0
91.9
3.8
3.8
0.3
0
0.1
0
94.3
3
2.4
0.1
0
0.1
0
96
2.3
1.6
0.1
28
1.1
0
17.9
6.5
37.9
8.5
100
0
0
0
0
0
0
100
0
0
0
0
0
0
100
0
0
0
0
0
0
0
0.8
0
8.9
16.6
73.8
0
0
0.8
0
4.8
12.7
70.6
11
0
1
0
8
6.3
67.8
16.9
0
1.3
0
12.1
7.1
54.3
25.3
0
1.8
0
16.7
7.5
53.1
20.8
0
2.7
0
21.7
7.9
50.6
17.1
0
3.1
0
28.9
8
46.7
13.3
0
2.7
0
37.1
8
42
10.1
0
2
0
45.9
7.8
36.8
7.5
0
1.6
0
53.9
7.4
31.6
5.6
0
1.1
0
61
6.8
26.9
4.1
0
0.8
0
67.3
6.2
22.6
3.1
0
0.6
0
73.4
5.5
18.4
2.2
0
0.4
0
78.9
4.8
14.5
1.5
0
0.3
0
83.6
4
11
1
0
0.2
0
87.6
3.3
8.2
0.6
0
0.2
0
90.7
2.7
6
0.4
0
0.1
0
93.2
2.2
4.3
0.2
26.8
1.4
0
23.1
8.8
31.9
8
100
0
0
0
0
0
0
100
0
0
0
0
0
0
100
0
0
0
0
0
0
0
0.9
0
7.8
16.3
75
0
0
1.1
0
5.2
13.6
65.5
14.6
0
1.2
0
9.2
8.7
61.1
19.8
0
1.6
0
14.3
10.5
48.3
25.2
0
2.6
0
20.1
11.9
45.4
20
0
3.9
0
25.9
12.6
42.3
15.3
0
4.2
0
34.3
13.3
37.1
11.2
0
3.5
0
44.1
13.4
31.2
7.7
0
2.4
0
54.5
13
25
5.1
0
1.7
0
63.9
12
19.2
3.2
0
1.2
0
71.7
10.7
14.4
2
0
0.8
0
77.9
9.4
10.7
1.3
0
0.5
0
83.2
7.9
7.6
0.8
0
0.3
0
87.5
6.5
5.2
0.4
0
0.2
0
90.9
5.2
3.4
0.3
0
0.2
0
93.5
4
2.2
0.1
0
0.1
0
95.4
3
1.4
0.1
0
0.1
0
96.8
2.3
0.8
0
25.2
1.2
0
17.3
7.5
37.9
10.8
100
0
0
0
0
0
0
100
0
0
0
0
0
0
100
0
0
0
0
0
0
0
0.7
0
7.2
16.3
75.9
0
0
0.8
0
3.2
11.5
70.1
14.4
0
0.9
0
5
5.9
65.3
22.8
0
1.1
0
8.6
7.5
52.5
30.3
0
1.4
0
13.2
8.8
51.4
25.3
0
2.2
0
18.3
9.7
49.4
20.4
0
3.3
0
23.7
10.2
46.6
16.3
0
3.6
0
31.5
10.6
42
12.3
0
3.1
0
40.6
10.8
36.6
8.9
0
2.2
0
50.3
10.5
30.7
6.3
0
1.6
0
59.1
9.8
25
4.3
0
1.1
0
66.8
9
20
3
0
0.8
0
73.4
8.1
15.6
2
0
0.5
0
79.8
7.2
11.3
1.3
0
0.4
0
85
6.1
7.8
0.7
0
0.3
0
89
4.9
5.4
0.4
0
0.2
0
92.2
3.9
3.5
0.2
0
0.1
0
94.5
3
2.3
0.1
25.8
1.1
0
15
6.4
40.8
10.8
100
0
0
0
0
0
0
100
0
0
0
0
0
0
100
0
0
0
0
0
0
0
0.7
0
7.7
16.6
75
0
0
0.8
0
3.3
11.3
72.4
12.3
0
0.8
0
4.8
5.3
68.5
20.5
0
1
0
8
6.3
55.2
29.5
0
1.3
0
12.1
7.1
54.3
25.3
0
1.8
0
16.7
7.5
53.1
20.9
0
2.7
0
21.7
7.9
50.6
17.1
0
3.1
0
28.8
8
46.7
13.3
0
2.7
0
37
8
42.1
10.1
0
2
0
45.7
7.8
36.9
7.6
0
1.5
0
53.7
7.4
31.8
5.6
0
1.1
0
60.7
6.8
27.1
4.2
0
0.8
0
67.1
6.2
22.8
3.1
0
0.6
0
73.1
5.5
18.5
2.2
0
0.4
0
78.7
4.8
14.6
1.5
0
0.3
0
83.5
4.1
11.1
1
0
0.2
0
87.6
3.3
8.2
0.6
0
0.2
0
90.7
2.7
6
0.4
24.6
1.4
0
19.7
8.6
35.1
10.7
100
0
0
0
0
0
0
100
0
0
0
0
0
0
100
0
0
0
0
0
0
0
0.7
0
6.6
15.9
76.7
0
0
0.9
0
3.1
11.8
67.6
16.5
0
1.1
0
5.2
6.5
62.1
25.1
0
1.2
0
9.2
8.7
49.8
31.1
0
1.6
0
14.3
10.5
48.3
25.2
0
2.6
0
20.1
11.9
45.4
20
0
3.9
0
25.9
12.6
42.3
15.3
0
4.2
0
34.3
13.3
37.1
11.2
0
3.5
0
44.1
13.4
31.3
7.8
0
2.4
0
54.5
13
25
5.1
0
1.7
0
63.8
12
19.2
3.3
0
1.2
0
71.6
10.8
14.4
2.1
0
0.8
0
77.8
9.4
10.7
1.3
0
0.5
0
83.1
8
7.6
0.8
0
0.3
0
87.4
6.5
5.2
0.5
0
0.2
0
90.9
5.2
3.4
0.3
0
0.2
0
93.5
4
2.2
0.1
0
0.1
0
95.4
3.1
1.4
0.1
23.5
1.2
0
14.5
7.1
40.1
13.6
100
0
0
0
0
0
0
100
0
0
0
0
0
0
100
0
0
0
0
0
0
0
0.5
0
6.3
16.2
76.9
0
0
0.7
0
2.2
10
71.2
15.9
0
0.8
0
3.2
4.8
64
27.2
0
0.9
0
5
5.9
53.3
34.8
0
1.1
0
8.6
7.5
52.5
30.3
0
1.4
0
13.2
8.7
51.4
25.3
0
2.2
0
18.3
9.6
49.4
20.4
0
3.3
0
23.7
10.2
46.6
16.3
0
3.6
0
31.4
10.6
42
12.3
0
3.1
0
40.5
10.8
36.6
8.9
0
2.2
0
50.3
10.6
30.7
6.3
0
1.6
0
59.1
10
24.9
4.3
0
1.1
0
66.9
9.2
19.8
3
0
0.8
0
73.7
8.4
15.2
2
0
0.5
0
80.1
7.3
10.8
1.2
0
0.4
0
85.4
6.2
7.4
0.7
0
0.3
0
89.3
5
5
0.4
0
0.2
0
92.4
3.9
3.3
0.2
24.1
1
0
12.4
6.2
42.9
13.3
100
0
0
0
0
0
0
100
0
0
0
0
0
0
100
0
0
0
0
0
0
0
0.5
0
6.8
16.7
75.9
0
0
0.7
0
2.4
9.9
73.6
13.5
0
0.8
0
3.3
4.6
67
24.4
0
0.8
0
4.8
5.3
56.6
32.5
0
1
0
8
6.3
55.2
29.5
0
1.2
0
12.1
7.1
54.3
25.3
0
1.8
0
16.7
7.5
53.1
20.9
0
2.7
0
21.7
7.9
50.6
17.2
0
3.1
0
28.7
8
46.8
13.4
0
2.7
0
36.9
8
42.2
10.2
0
2
0
45.5
7.8
37.1
7.6
0
1.5
0
53.4
7.4
32
5.7
0
1.1
0
60.4
6.9
27.4
4.3
0
0.8
0
66.7
6.3
23.1
3.2
0
0.6
0
72.9
5.6
18.8
2.2
0
0.4
0
78.5
4.8
14.7
1.5
0
0.3
0
83.5
4.1
11.1
1
0
0.2
0
87.5
3.4
8.2
0.6
22.9
1.3
0
16.5
8.1
37.3
13.8
100
0
0
0
0
0
0
100
0
0
0
0
0
0
100
0
0
0
0
0
0
0
0.6
0
5.7
15.7
78
0
0
0.7
0
2.1
10.1
68.7
18.4
0
0.9
0
3.1
4.9
61
30.1
0
1.1
0
5.2
6.5
50
37.2
0
1.2
0
9.2
8.7
49.8
31.1
0
1.6
0
14.3
10.5
48.3
25.2
0
2.6
0
20.1
11.9
45.4
20
0
3.9
0
25.8
12.6
42.3
15.3
0
4.2
0
34.2
13.3
37.1
11.2
0
3.5
0
44
13.4
31.3
7.8
0
2.4
0
54.4
13
25.1
5.1
0
1.7
0
63.7
12
19.3
3.3
0
1.1
0
71.4
10.8
14.5
2.1
0
0.8
0
77.6
9.5
10.8
1.3
0
0.5
0
82.9
8
7.7
0.8
0
0.3
0
87.3
6.6
5.3
0.5
0
0.2
0
90.8
5.2
3.5
0.3
0
0.2
0
93.5
4
2.2
0.1
22
1.1
0
11.9
6.7
42
16.3
100
0
0
0
0
0
0
100
0
0
0
0
0
0
100
0
0
0
0
0
0
0
0.4
0
5.6
16.2
77.8
0
0
0.5
0
1.6
8.5
72
17.3
0
0.7
0
2.2
3.9
61.1
32.1
0
0.8
0
3.2
4.8
54.4
36.8
0
0.9
0
5
5.9
53.3
34.8
0
1.1
0
8.6
7.5
52.5
30.3
0
1.4
0
13.1
8.7
51.4
25.3
0
2.2
0
18.3
9.6
49.4
20.5
0
3.2
0
23.7
10.2
46.6
16.3
0
3.6
0
31.4
10.7
42
12.3
0
3.1
0
40.4
10.9
36.6
9
0
2.2
0
50.2
10.7
30.6
6.3
0
1.6
0
59.1
10.2
24.8
4.3
0
1.1
0
67
9.4
19.5
2.9
0
0.7
0
74
8.6
14.8
1.9
0
0.5
0
80.4
7.6
10.4
1.2
0
0.4
0
85.7
6.3
7
0.7
0
0.2
0
89.6
5.1
4.7
0.4
22.7
0.9
0
10.2
5.9
44.7
15.6
100
0
0
0
0
0
0
100
0
0
0
0
0
0
100
0
0
0
0
0
0
0
0.4
0
6.1
16.8
76.7
0
0
0.5
0
1.8
8.5
74.7
14.5
0
0.7
0
2.4
4.1
64.4
28.6
0
0.8
0
3.3
4.6
58
33.4
0
0.8
0
4.8
5.2
56.6
32.5
0
1
0
8
6.3
55.2
29.5
0
1.2
0
12
7.1
54.3
25.4
0
1.8
0
16.6
7.5
53.2
20.9
0
2.6
0
21.6
7.9
50.7
17.2
0
3
0
28.6
8
46.9
13.4
0
2.7
0
36.6
8.1
42.4
10.3
0
1.9
0
45.1
7.8
37.4
7.7
0
1.5
0
52.9
7.4
32.4
5.8
0
1
0
59.8
6.9
27.8
4.4
0
0.7
0
66.2
6.3
23.5
3.2
0
0.5
0
72.6
5.6
19
2.3
0
0.4
0
78.4
4.8
14.8
1.5
0
0.3
0
83.5
4.1
11.2
1
21.4
1.2
0
13.6
7.6
39.2
17
100
0
0
0
0
0
0
100
0
0
0
0
0
0
100
0
0
0
0
0
0
0
0.4
0
5
15.7
78.9
0
0
0.6
0
1.5
8.5
69.3
20.2
0
0.7
0
2.1
3.7
57.9
35.6
0
0.9
0
3.1
4.9
50.8
40.3
0
1.1
0
5.2
6.5
50
37.2
0
1.2
0
9.2
8.7
49.8
31.2
0
1.6
0
14.3
10.5
48.3
25.2
0
2.6
0
20
11.9
45.4
20
0
3.9
0
25.8
12.6
42.4
15.4
0
4.1
0
34.2
13.3
37.2
11.2
0
3.5
0
43.9
13.5
31.4
7.8
0
2.4
0
54.2
13
25.2
5.2
0
1.7
0
63.4
12.1
19.5
3.3
0
1.1
0
71.2
10.9
14.7
2.1
0
0.7
0
77.3
9.6
11
1.4
0
0.5
0
82.7
8.1
7.8
0.8
0
0.3
0
87.2
6.6
5.3
0.5
0
0.2
0
90.8
5.2
3.5
0.3
21.5
1
0
9.7
6.2
42.8
18.9
100
0
0
0
0
0
0
100
0
0
0
0
0
0
100
0
0
0
0
0
0
0
0.4
0
5
16.2
78.4
0
0
0.4
0
1.3
7.4
72.5
18.4
0
0.5
0
1.6
3
58.2
36.6
0
0.7
0
2.2
3.9
54.7
38.5
0
0.8
0
3.2
4.8
54.4
36.8
0
0.9
0
5
5.9
53.3
34.8
0
1.1
0
8.6
7.5
52.5
30.3
0
1.4
0
13.1
8.7
51.4
25.3
0
2.2
0
18.3
9.7
49.4
20.5
0
3.2
0
23.6
10.2
46.6
16.3
0
3.6
0
31.3
10.7
42.1
12.4
0
3
0
40.3
11
36.6
9
0
2.1
0
50
10.9
30.6
6.3
0
1.6
0
59.1
10.4
24.6
4.3
0
1.1
0
67.1
9.7
19.2
2.9
0
0.7
0
74.2
8.9
14.3
1.9
0
0.5
0
80.7
7.7
9.9
1.1
0
0.3
0
85.9
6.4
6.7
0.6
22.2
0.8
0
8.2
5.5
45.6
17.7
100
0
0
0
0
0
0
100
0
0
0
0
0
0
100
0
0
0
0
0
0
0
0.4
0
5.6
16.7
77.3
0
0
0.4
0
1.4
7.6
75.3
15.3
0
0.5
0
1.7
3.2
62.4
32.1
0
0.6
0
2.3
4.1
58.3
34.7
0
0.8
0
3.3
4.6
58
33.4
0
0.8
0
4.8
5.2
56.6
32.5
0
1
0
8
6.3
55.2
29.6
0
1.2
0
12
7.1
54.3
25.4
0
1.8
0
16.5
7.5
53.2
21
0
2.6
0
21.4
7.9
50.8
17.3
0
3
0
28.3
8
47.1
13.5
0
2.6
0
36.2
8.1
42.7
10.4
0
1.9
0
44.5
7.9
37.9
7.9
0
1.4
0
52.2
7.5
32.9
5.9
0
1
0
59.2
7
28.4
4.5
0
0.7
0
65.8
6.4
23.8
3.3
0
0.5
0
72.3
5.6
19.2
2.3
0
0.4
0
78.4
4.8
14.8
1.5
20.9
1.1
0
11.1
6.9
40.1
20
100
0
0
0
0
0
0
100
0
0
0
0
0
0
100
0
0
0
0
0
0
0
0.4
0
4.4
15.6
79.6
0
0
0.4
0
1.2
7.1
69.6
21.6
0
0.6
0
1.5
2.8
54
41.1
0
0.7
0
2.1
3.7
51.2
42.3
0
0.9
0
3.1
4.9
50.8
40.3
0
1.1
0
5.2
6.5
50
37.2
0
1.2
0
9.1
8.7
49.8
31.2
0
1.6
0
14.3
10.5
48.3
25.3
0
2.6
0
20
11.9
45.4
20
0
3.8
0
25.7
12.6
42.4
15.4
0
4.1
0
34.1
13.3
37.3
11.3
0
3.4
0
43.7
13.5
31.5
7.9
0
2.4
0
53.9
13.1
25.4
5.2
0
1.7
0
63.1
12.2
19.7
3.4
0
1.1
0
70.7
11
15
2.2
0
0.7
0
77
9.7
11.2
1.4
0
0.5
0
82.5
8.2
8
0.8
0
0.3
0
87.2
6.7
5.4
0.5
20.8
0.9
0
7.8
5.7
43.5
21.2
100
0
0
0
0
0
0
100
0
0
0
0
0
0
100
0
0
0
0
0
0
0
0.3
0
4.6
16.1
78.9
0
0
0.4
0
1
6.5
72.6
19.4
0
0.4
0
1.3
2.2
56.8
39.2
0
0.5
0
1.6
3
52.4
42.4
0
0.7
0
2.2
3.9
54.8
38.5
0
0.8
0
3.2
4.7
54.4
36.8
0
0.9
0
5
5.9
53.3
34.9
0
1.1
0
8.5
7.5
52.5
30.4
0
1.4
0
13.1
8.7
51.4
25.4
0
2.2
0
18.2
9.7
49.4
20.6
0
3.2
0
23.4
10.3
46.7
16.4
0
3.5
0
31
10.8
42.2
12.5
0
3
0
40
11.1
36.8
9.1
0
2.1
0
49.8
11.2
30.5
6.4
0
1.5
0
58.8
10.8
24.5
4.4
0
1
0
67.1
10.1
18.9
2.9
0
0.7
0
74.4
9.1
14
1.8
0
0.5
0
80.9
7.9
9.6
1.1
21.6
0.8
0
6.7
5.1
46.3
19.7
100
0
0
0
0
0
0
100
0
0
0
0
0
0
100
0
0
0
0
0
0
0
0.3
0
5.2
16.7
77.8
0
0
0.4
0
1.1
6.9
75.7
16
0
0.4
0
1.4
2.4
62
33.8
0
0.5
0
1.7
3.2
56.8
37.8
0
0.6
0
2.3
4.1
58.3
34.7
0
0.7
0
3.2
4.6
58
33.4
0
0.8
0
4.8
5.2
56.6
32.5
0
1
0
8
6.3
55.2
29.6
0
1.2
0
12
7.1
54.3
25.4
0
1.8
0
16.4
7.5
53.3
21
0
2.6
0
21.2
7.8
51
17.4
0
2.9
0
27.9
8
47.5
13.7
0
2.5
0
35.6
8.1
43.2
10.6
0
1.8
0
43.6
7.9
38.5
8.1
0
1.4
0
51.2
7.5
33.7
6.2
0
1
0
58.4
7
28.9
4.6
0
0.7
0
65.4
6.4
24.1
3.4
0
0.5
0
72.2
5.7
19.3
2.3
20
1
0
9
6.3
40.8
22.8
100
0
0
0
0
0
0
100
0
0
0
0
0
0
100
0
0
0
0
0
0
0
0.3
0
4
15.6
80.1
0
0
0.4
0
0.9
6.2
69.6
23
0
0.4
0
1.2
2.1
51.6
44.7
0
0.6
0
1.5
2.8
48.1
47
0
0.7
0
2.1
3.7
51.2
42.3
0
0.9
0
3.1
4.9
50.8
40.3
0
1.1
0
5.2
6.5
50
37.2
0
1.2
0
9.1
8.7
49.8
31.2
0
1.6
0
14.2
10.5
48.4
25.3
0
2.6
0
19.9
11.9
45.5
20.1
0
3.8
0
25.6
12.6
42.5
15.5
0
4.1
0
33.9
13.3
37.4
11.3
0
3.4
0
43.4
13.5
31.8
8
0
2.3
0
53.4
13.2
25.8
5.3
0
1.6
0
62.4
12.3
20.1
3.5
0
1.1
0
70.2
11.1
15.4
2.3
0
0.7
0
76.6
9.8
11.5
1.4
0
0.5
0
82.4
8.2
8
0.9
19.8
0.8
0
6.2
5.3
44.4
23.5
100
0
0
0
0
0
0
100
0
0
0
0
0
0
100
0
0
0
0
0
0
0
0.2
0
4.4
16.1
79.3
0
0
0.3
0
0.8
5.8
72.7
20.4
0
0.4
0
1
1.9
56.2
40.6
0
0.4
0
1.3
2.2
48.9
47.1
0
0.5
0
1.6
3
52.4
42.4
0
0.7
0
2.2
3.9
54.7
38.5
0
0.8
0
3.2
4.7
54.4
36.9
0
0.9
0
5
5.9
53.3
34.9
0
1.1
0
8.5
7.5
52.5
30.4
0
1.4
0
13
8.7
51.4
25.4
0
2.2
0
18
9.7
49.5
20.7
0
3.1
0
23.2
10.3
46.8
16.6
0
3.4
0
30.6
10.9
42.4
12.7
0
2.9
0
39.4
11.3
37.1
9.3
0
2
0
49.1
11.5
30.8
6.5
0
1.5
0
58.4
11.2
24.5
4.4
0
1
0
67
10.4
18.7
2.9
0
0.7
0
74.5
9.4
13.6
1.8
20.5
0.7
0
5.3
4.8
47.3
21.4
100
0
0
0
0
0
0
100
0
0
0
0
0
0
100
0
0
0
0
0
0
0
0.2
0
4.9
16.6
78.2
0
0
0.3
0
0.9
6.2
75.9
16.6
0
0.4
0
1.1
2.1
61.9
34.5
0
0.4
0
1.4
2.4
54.5
41.3
0
0.5
0
1.7
3.2
56.8
37.8
0
0.6
0
2.3
4.1
58.2
34.7
0
0.7
0
3.2
4.6
58
33.4
0
0.8
0
4.8
5.2
56.6
32.6
0
0.9
0
7.9
6.3
55.2
29.6
0
1.2
0
11.8
7
54.4
25.5
0
1.7
0
16.2
7.5
53.4
21.2
0
2.5
0
20.8
7.8
51.2
17.7
0
2.7
0
27.2
8
48
14
0
2.3
0
34.5
8.1
44
11
0
1.7
0
42.3
8
39.5
8.5
0
1.3
0
50
7.6
34.6
6.5
0
0.9
0
57.6
7.1
29.5
4.8
0
0.7
0
65.1
6.4
24.3
3.4
19.1
0.9
0
7.1
5.7
41.6
25.6
100
0
0
0
0
0
0
100
0
0
0
0
0
0
100
0
0
0
0
0
0
0
0.2
0
3.8
15.5
80.5
0
0
0.3
0
0.7
5.4
69.3
24.3
0
0.4
0
0.9
1.7
50.4
46.6
0
0.4
0
1.2
2.1
43.5
52.8
0
0.6
0
1.5
2.8
48.1
47.1
0
0.7
0
2.1
3.7
51.2
42.3
0
0.9
0
3.1
4.9
50.8
40.3
0
1.1
0
5.2
6.5
50
37.2
0
1.2
0
9.1
8.7
49.8
31.2
0
1.6
0
14.2
10.5
48.4
25.3
0
2.6
0
19.8
11.9
45.6
20.1
0
3.7
0
25.4
12.6
42.6
15.6
0
4
0
33.5
13.3
37.7
11.5
0
3.3
0
42.7
13.6
32.3
8.2
0
2.2
0
52.5
13.3
26.4
5.6
0
1.6
0
61.5
12.5
20.8
3.7
0
1
0
69.5
11.3
15.8
2.4
0
0.7
0
76.3
9.9
11.7
1.5
19
0.7
0
4.8
4.8
44.9
25.9
100
0
0
0
0
0
0
100
0
0
0
0
0
0
100
0
0
0
0
0
0
0
0.1
0
3.9
16.4
79.6
0
0
0.2
0
1.4
4.7
72.3
21.3
0
0.3
0
0.8
1.7
54.7
42.5
0
0.4
0
1
1.9
47.5
49.3
0
0.4
0
1.3
2.2
48.9
47.1
0
0.5
0
1.6
3
52.4
42.5
0
0.7
0
2.2
3.9
54.7
38.5
0
0.8
0
3.2
4.7
54.4
36.9
0
0.9
0
4.9
5.9
53.3
35
0
1.1
0
8.4
7.5
52.5
30.5
0
1.4
0
12.8
8.7
51.4
25.6
0
2.1
0
17.7
9.7
49.6
20.9
0
3
0
22.7
10.4
47
16.9
0
3.2
0
29.8
11.1
42.8
13
0
2.7
0
38.3
11.6
37.7
9.7
0
1.9
0
48
11.9
31.3
6.8
0
1.4
0
57.7
11.6
24.8
4.6
0
1
0
66.8
10.7
18.6
2.9
19.5
0.6
0
4.2
4.4
48
23.3
100
0
0
0
0
0
0
100
0
0
0
0
0
0
100
0
0
0
0
0
0
0
0.1
0
4.3
17
78.5
0
0
0.2
0
1.6
5
75.8
17.4
0
0.3
0
0.9
1.9
60.7
36.1
0
0.4
0
1.1
2.1
53.7
42.7
0
0.4
0
1.4
2.4
54.5
41.3
0
0.5
0
1.7
3.2
56.8
37.8
0
0.6
0
2.3
4.1
58.2
34.7
0
0.7
0
3.2
4.6
58
33.5
0
0.8
0
4.7
5.2
56.6
32.6
0
0.9
0
7.8
6.3
55.2
29.8
0
1.2
0
11.6
7
54.5
25.7
0
1.7
0
15.8
7.4
53.7
21.5
0
2.3
0
20.1
7.8
51.8
18.1
0
2.5
0
26
8
48.9
14.6
0
2.1
0
32.9
8.1
45.2
11.6
0
1.6
0
40.7
8
40.7
9
0
1.2
0
48.9
7.7
35.4
6.7
0
0.9
0
57.2
7.1
29.8
4.9
18.4
0.8
0
5.4
5.1
41.7
28.5
100
0
0
0
0
0
0
100
0
0
0
0
0
0
100
0
0
0
0
0
0
0
0.1
0
3.4
15.8
80.8
0
0
0.2
0
1.2
4.4
68.6
25.6
0
0.3
0
0.7
1.4
48.4
49.2
0
0.4
0
0.9
1.7
41.2
55.8
0
0.4
0
1.2
2.1
43.5
52.8
0
0.6
0
1.5
2.8
48.1
47.1
0
0.7
0
2.1
3.6
51.2
42.4
0
0.9
0
3.1
4.9
50.8
40.3
0
1
0
5.1
6.5
50
37.3
0
1.2
0
9.1
8.7
49.8
31.3
0
1.6
0
14.1
10.5
48.4
25.4
0
2.5
0
19.6
11.9
45.7
20.3
0
3.6
0
25
12.6
43
15.8
0
3.8
0
32.7
13.4
38.3
11.8
0
3
0
41.5
13.7
33.2
8.6
0
2
0
51
13.5
27.5
5.9
0
1.5
0
60.3
12.7
21.6
3.9
0
1
0
68.8
11.4
16.2
2.5
18.8
0.5
0
3.6
5.1
42.9
29.1
9.9
13.9
5.3
100
0
0
0
0
0
0
0
0
0
100
0
0
0
0
0
0
0
0
0
100
0
0
0
0
0
0
0
0
0
0
0.1
0
2.6
31
66.3
0
0
0
0
0
0.1
0
1.1
3.3
66.5
29.1
9.7
17.4
2
0
0.2
0
0.6
1.3
49.1
48.8
14.4
27.2
7.3
0
0.3
0
0.8
1.5
45.2
52.2
15.4
27.1
9.7
0
0.4
0
1
1.9
47.4
49.3
13.8
25.6
9.9
0
0.4
0
1.3
2.2
48.9
47.1
15.1
22.8
9.3
0
0.5
0
1.6
3
52.4
42.5
15.1
18.8
8.6
0
0.7
0
2.2
3.9
54.7
38.6
14.7
15.9
8
0
0.8
0
3.1
4.7
54.3
37
14.2
15
7.8
0
0.9
0
4.9
5.9
53.3
35.1
13.5
14.1
7.5
0
1
0
8.3
7.5
52.5
30.7
12.2
12.1
6.4
0
1.3
0
12.6
8.7
51.5
25.8
10.7
10.2
5
0
2
0
17.3
9.7
49.8
21.2
9.1
8.5
3.6
0
2.8
0
22
10.4
47.4
17.3
7.7
7.1
2.5
0
3
0
28.8
11.2
43.4
13.5
6.3
5.7
1.6
0
2.5
0
37.1
11.9
38.3
10.1
4.9
4.3
1
0
1.8
0
47.2
12.2
31.7
7.1
3.5
3
0.5
0
1.4
0.1
57.4
11.8
24.7
4.6
2.4
1.9
0.3
19.4
0.5
0
3.1
4.8
46
26.2
8.5
12.5
5.1
100
0
0
0
0
0
0
0
0
0
100
0
0
0
0
0
0
0
0
0
100
0
0
0
0
0
0
0
0
0
0
0.1
0
2.9
31.4
65.6
0
0
0
0
0
0.1
0
1.2
3.5
69.9
25.3
8.5
15.2
1.7
0
0.2
0
0.7
1.5
54.8
42.8
12.6
24.1
6.1
0
0.3
0
0.8
1.7
50.9
46.3
13.7
24.4
8.2
0
0.4
0
1.1
2.1
53.7
42.7
12
21.6
9.1
0
0.4
0
1.3
2.4
54.5
41.4
12.7
19.9
8.7
0
0.5
0
1.7
3.2
56.7
37.9
12.7
16.9
8.3
0
0.6
0
2.3
4.1
58.2
34.8
12.2
14.6
8
0
0.7
0
3.2
4.6
58
33.5
11.7
14.1
7.8
0
0.8
0
4.7
5.2
56.6
32.8
11.5
13.7
7.6
0
0.9
0
7.7
6.2
55.2
30
11
12.2
6.8
0
1.1
0
11.3
7
54.6
26.1
10
10.3
5.7
0
1.5
0
15.2
7.4
54
21.9
8.6
8.7
4.6
0
2.1
0
19.1
7.7
52.4
18.7
7.8
7.5
3.4
0
2.3
0
24.6
7.9
49.8
15.3
6.5
6.4
2.4
0
2
0
31.4
8.1
46.3
12.3
5.5
5.1
1.7
0
1.5
0
39.6
8
41.5
9.4
4.3
3.9
1.1
0
1.3
0.2
48.3
7.7
35.7
6.9
3.3
2.9
0.7
18.3
0.6
0
4
5.3
39.8
32
11.2
15.2
5.6
100
0
0
0
0
0
0
0
0
0
100
0
0
0
0
0
0
0
0
0
100
0
0
0
0
0
0
0
0
0
0
0.1
0
2.2
30.6
67.1
0
0
0
0
0
0.1
0
0.9
3
62.8
33.2
11
19.8
2.4
0
0.2
0
0.5
1.1
43.3
54.9
16.1
30.3
8.4
0
0.3
0
0.7
1.3
39.5
58.2
17.1
29.9
11.2
0
0.4
0
0.9
1.6
41.2
55.8
15.6
29.5
10.7
0
0.4
0
1.2
2.1
43.4
52.8
17.4
25.6
9.8
0
0.6
0
1.5
2.8
48.1
47.1
17.5
20.7
8.9
0
0.7
0
2.1
3.6
51.2
42.4
17.2
17.1
8
0
0.9
0
3.1
4.9
50.8
40.3
16.7
15.8
7.8
0
1
0
5.1
6.5
50
37.3
15.3
14.5
7.5
0
1.2
0
9
8.7
49.8
31.4
13.3
12.1
6
0
1.6
0
13.9
10.4
48.5
25.6
11.3
10.1
4.2
0
2.4
0
19.3
11.8
45.9
20.5
9.5
8.3
2.7
0
3.4
0
24.4
12.6
43.4
16.2
7.7
6.8
1.8
0
3.5
0
31.6
13.4
39.1
12.3
6.1
5.2
1.1
0
2.8
0
40.1
13.8
34.2
9.1
4.6
3.8
0.6
0
1.9
0
49.7
13.7
28.4
6.3
3.3
2.7
0.3
0
1.5
0
59.6
12.8
22.1
4
2.2
1.7
0.2
18.5
0.7
0.1
2.9
5.6
40.6
31.6
10.5
15.3
5.8
100
0
0
0
0
0
0
0
0
0
100
0
0
0
0
0
0
0
0
0
100
0
0
0
0
0
0
0
0
0
0
0.1
0
1.3
45.7
52.8
0
0
0
0
0
0.3
0.1
0.8
2.2
60
36.6
12.2
21.9
2.6
0
0.8
0.3
0.9
1.9
43.6
52.4
15.4
29.2
7.8
0
1
0.4
1.2
2.2
42.8
52.4
15.4
27.2
9.7
0
1
0.4
1.3
2.3
44.4
50.7
14.9
26.3
9.4
0
1
0.3
1.4
2.4
46.7
48.2
13.5
25
9.7
0
0.8
0.2
1.5
2.5
48.4
46.5
14.9
22.5
9.1
0
0.8
0.1
1.8
3.1
52
42.2
15
18.7
8.5
0
0.9
0.1
2.3
3.9
54.4
38.5
14.7
15.8
8
0
0.9
0.1
3.2
4.8
54.1
37
14.2
14.9
7.8
0
1
0
4.9
5.9
53.1
35.1
13.5
14.1
7.5
0
1.1
0
8.2
7.5
52.4
30.9
12.2
12.2
6.4
0
1.5
0.1
12.3
8.7
51.4
26.1
10.8
10.3
5
0
1.9
0
16.7
9.7
50
21.7
9.3
8.7
3.7
0
2.6
0
21.1
10.5
47.9
17.9
8
7.3
2.6
0
2.8
0
27.7
11.4
44
14.1
6.6
5.9
1.6
0
2.4
0
36.2
12.2
38.7
10.5
5.1
4.4
1
0
1.8
0
47.5
12.5
31.3
7
3.5
2.9
0.5
19
0.6
0.1
2.5
5.4
43.6
28.6
9.2
14
5.4
100
0
0
0
0
0
0
0
0
0
100
0
0
0
0
0
0
0
0
0
100
0
0
0
0
0
0
0
0
0
0
0.2
0
1.5
45.8
52.5
0
0
0
0
0
0.3
0.1
0.8
2.3
62.9
33.5
11.2
20.1
2.2
0
0.7
0.3
0.9
2.1
48
48
14.2
27
6.8
0
0.9
0.4
1.2
2.4
47.5
47.5
14
25
8.5
0
0.9
0.4
1.4
2.5
49.8
45
13.3
23.7
8
0
0.9
0.3
1.6
2.6
52.8
41.9
11.8
21.2
8.9
0
0.7
0.2
1.6
2.7
53.9
40.9
12.6
19.7
8.6
0
0.7
0.1
1.9
3.3
56.3
37.6
12.6
16.8
8.2
0
0.8
0.1
2.4
4.2
57.9
34.7
12.2
14.5
8
0
0.8
0.1
3.2
4.6
57.8
33.5
11.7
14.1
7.8
0
0.8
0
4.6
5.2
56.4
32.9
11.6
13.7
7.6
0
0.9
0
7.5
6.2
55.2
30.2
11.1
12.3
6.8
0
1.2
0.1
10.9
6.9
54.6
26.4
10.2
10.4
5.8
0
1.4
0
14.4
7.3
54.4
22.6
8.9
9
4.7
0
1.9
0
17.9
7.6
53.1
19.5
8.1
7.8
3.6
0
2.1
0
23.2
7.9
50.8
16.1
6.9
6.7
2.6
0
1.8
0
30.2
8
47.1
12.8
5.7
5.3
1.8
0
1.4
0
39.4
8
41.7
9.5
4.4
4
1.1
17.9
0.9
0.1
3.2
5.7
37.7
34.5
11.8
16.6
6.1
100
0
0
0
0
0
0
0
0
0
100
0
0
0
0
0
0
0
0
0
100
0
0
0
0
0
0
0
0
0
0
0.1
0
1.2
45.5
53.2
0
0
0
0
0
0.4
0.1
0.7
2
56.9
39.8
13.2
23.7
2.9
0
0.9
0.3
0.9
1.8
39
57.1
16.8
31.5
8.8
0
1.2
0.4
1.1
2
38.1
57.2
16.8
29.4
11
0
1.1
0.4
1.2
2
38.9
56.3
16.5
28.9
10.9
0
1.1
0.3
1.3
2.1
40.7
54.5
15.3
28.8
10.4
0
0.9
0.2
1.5
2.3
43
52.1
17.2
25.3
9.7
0
0.9
0.1
1.7
2.9
47.7
46.7
17.4
20.5
8.8
0
0.9
0.1
2.2
3.7
50.9
42.2
17.1
17.1
8
0
1
0.1
3.1
4.9
50.6
40.2
16.7
15.8
7.8
0
1.1
0
5.1
6.5
49.9
37.3
15.3
14.5
7.5
0
1.2
0
8.9
8.6
49.8
31.5
13.3
12.2
6
0
1.7
0.1
13.6
10.4
48.5
25.8
11.3
10.2
4.3
0
2.3
0
18.7
11.8
46.3
21
9.7
8.5
2.8
0
3.2
0
23.4
12.5
44.2
16.8
7.9
7
1.8
0
3.2
0
30.3
13.4
40.1
13
6.4
5.4
1.1
0
2.6
0
38.7
13.9
35.2
9.5
4.8
4
0.7
0
1.9
0
49.6
13.7
28.5
6.3
3.3
2.7
0.3
17.4
0.8
0.2
2.2
6.3
39.1
34
11.1
16.7
6.2
100
0
0
0
0
0
0
0
0
0
100
0
0
0
0
0
0
0
0
0
100
0
0
0
0
0
0
0
0
0
0
0
0
0
60.1
39.9
0
0
0
0
0
0.2
0
0.1
0.6
54.8
44.4
14.8
26.5
3.1
0
0.6
0.2
0.5
1.5
39.1
58.1
17.1
32.4
8.6
0
0.8
0.3
0.8
1.8
41.4
54.9
16.2
28.6
10.2
0
1.6
0.7
1.5
2.8
42.3
51
15
26.5
9.5
0
1.5
0.6
1.7
2.7
43.9
49.7
14.6
25.8
9.3
0
1.3
0.5
1.7
2.7
46.2
47.6
13.3
24.7
9.5
0
1.1
0.3
1.7
2.7
48.1
46.2
14.8
22.3
9.1
0
1
0.2
1.9
3.2
51.7
42
15
18.6
8.5
0
1
0.1
2.3
4
54.2
38.4
14.7
15.8
8
0
1
0.1
3.2
4.8
53.9
37
14.3
15
7.8
0
1
0.1
4.8
5.9
52.9
35.3
13.6
14.2
7.6
0
1.2
0.1
8
7.4
52.2
31.1
12.3
12.3
6.4
0
1.4
0.1
11.8
8.7
51.5
26.6
11
10.5
5.1
0
1.7
0
15.8
9.7
50.3
22.4
9.7
9
3.7
0
2.4
0
20
10.5
48.4
18.7
8.4
7.7
2.6
0
2.6
0
26.7
11.6
44.5
14.7
6.9
6.1
1.7
0
2.3
0
36.3
12.5
38.4
10.5
5.1
4.4
0.9
17.9
0.7
0.2
2
6.2
42
31
9.8
15.4
5.8
100
0
0
0
0
0
0
0
0
0
100
0
0
0
0
0
0
0
0
0
100
0
0
0
0
0
0
0
0
0
0
0
0
0
60.1
39.9
0
0
0
0
0
0.2
0
0.1
0.6
57.4
41.7
13.9
24.9
2.8
0
0.6
0.2
0.5
1.6
42.8
54.4
16
30.6
7.7
0
0.7
0.3
0.9
2
45.3
50.8
15
26.8
9
0
1.4
0.7
1.6
3.1
46.8
46.4
13.7
24.4
8.3
0
1.3
0.6
1.8
3
49.2
44.2
13
23.3
7.9
0
1.2
0.5
1.8
3
52.2
41.4
11.6
21
8.8
0
0.9
0.3
1.8
2.9
53.5
40.6
12.5
19.6
8.5
0
0.9
0.2
2
3.4
56
37.5
12.5
16.7
8.2
0
0.9
0.1
2.4
4.2
57.7
34.7
12.2
14.5
8
0
0.9
0.1
3.2
4.6
57.6
33.6
11.7
14.1
7.8
0
0.9
0.1
4.5
5.2
56.3
33.1
11.6
13.8
7.6
0
1
0.1
7.2
6.2
55.1
30.5
11.2
12.4
6.9
0
1.1
0.1
10.3
6.8
54.8
27
10.4
10.7
6
0
1.2
0
13.4
7.1
54.8
23.4
9.2
9.3
4.9
0
1.7
0
16.6
7.5
53.8
20.4
8.5
8.2
3.8
0
1.9
0
22
7.8
51.5
16.8
7.2
7
2.7
0
1.8
0
29.8
8
47.4
13
5.8
5.4
1.8
16.9
0.9
0.2
2.4
6.3
36.3
37
12.4
18
6.6
100
0
0
0
0
0
0
0
0
0
100
0
0
0
0
0
0
0
0
0
100
0
0
0
0
0
0
0
0
0
0
0
0
0
60
40
0
0
0
0
0
0.1
0
0.1
0.5
52
47.2
15.7
28.2
3.4
0
0.7
0.2
0.5
1.4
35.3
61.9
18.2
34.2
9.5
0
0.9
0.3
0.8
1.6
37.2
59.3
17.4
30.4
11.4
0
1.8
0.7
1.4
2.6
37.8
55.7
16.3
28.6
10.7
0
1.7
0.6
1.6
2.4
38.5
55.2
16.2
28.4
10.6
0
1.5
0.4
1.6
2.4
40.3
53.7
15
28.4
10.3
0
1.2
0.3
1.6
2.5
42.8
51.6
17
25
9.6
0
1.1
0.2
1.8
3
47.5
46.4
17.3
20.4
8.7
0
1.1
0.1
2.2
3.8
50.8
42.1
17.1
17
8
0
1.1
0.1
3.2
4.9
50.5
40.2
16.7
15.8
7.8
0
1.2
0.1
5.1
6.5
49.8
37.4
15.3
14.5
7.5
0
1.4
0.1
8.7
8.6
49.7
31.6
13.4
12.2
6
0
1.6
0.1
13.2
10.3
48.7
26.2
11.5
10.3
4.3
0
2.1
0
17.8
11.7
46.8
21.6
10
8.8
2.9
0
2.9
0
22.1
12.5
45
17.6
8.3
7.3
1.9
0
3
0
28.9
13.4
41.1
13.6
6.7
5.7
1.2
0
2.5
0
38.4
13.9
35.5
9.7
4.9
4.1
0.7
15.8
0.9
0.3
1.8
6.1
38.8
36.3
11.7
18.1
6.5
100
0
0
0
0
0
0
0
0
0
100
0
0
0
0
0
0
0
0
0
100
0
0
0
0
0
0
0
0
0
0
0
0
0
60
40
0
0
0
0
0
0
0
0
0.3
52.4
47.2
15.7
28.2
3.3
0
0.3
0.1
0.2
1
36.4
62
18.3
34.6
9.2
0
0.6
0.2
0.4
1.4
39
58.4
17.2
30.4
10.8
0
1.2
0.5
1.1
2.4
41.2
53.6
15.8
27.9
10
0
1.9
0.8
1.8
3.2
42
50.2
14.8
26.1
9.3
0
1.8
0.7
1.9
3
43.5
49.1
14.5
25.5
9.1
0
1.6
0.6
1.9
2.9
45.9
47.2
13.2
24.5
9.5
0
1.2
0.3
1.8
2.8
47.9
46
14.7
22.2
9
0
1.1
0.2
1.9
3.3
51.5
41.9
14.9
18.5
8.5
0
1
0.2
2.3
4
54
38.4
14.7
15.8
8
0
1
0.1
3.1
4.8
53.8
37.1
14.3
15
7.8
0
1.1
0.1
4.7
5.8
52.7
35.5
13.6
14.2
7.6
0
1.1
0.1
7.7
7.4
52.2
31.6
12.6
12.5
6.5
0
1.2
0.1
11.2
8.6
51.6
27.3
11.4
10.8
5.2
0
1.6
0
14.9
9.7
50.6
23.3
10.1
9.4
3.8
0
2.2
0
19
10.6
48.8
19.4
8.8
8
2.7
0
2.5
0
26.7
11.9
44.1
14.7
7
6.2
1.6
16.3
0.7
0.3
1.7
6.1
41.7
33.2
10.4
16.8
6.1
100
0
0
0
0
0
0
0
0
0
100
0
0
0
0
0
0
0
0
0
100
0
0
0
0
0
0
0
0
0
0
0
0
0
60.1
39.9
0
0
0
0
0
0
0
0
0.3
55.3
44.3
14.8
26.5
3
0
0.3
0.1
0.2
1
40.1
58.4
17.2
32.9
8.3
0
0.5
0.2
0.4
1.5
42.7
54.6
16.1
28.8
9.7
0
1
0.5
1.2
2.6
45.1
49.6
14.6
26.2
8.8
0
1.7
0.8
1.9
3.5
46.4
45.7
13.5
24.1
8.1
0
1.5
0.7
2
3.3
48.8
43.7
12.9
23
7.8
0
1.4
0.6
2
3.2
51.9
41.1
11.5
20.8
8.7
0
1.1
0.4
1.9
3
53.3
40.4
12.4
19.5
8.5
0
1
0.2
2
3.5
55.8
37.4
12.5
16.7
8.2
0
0.9
0.2
2.4
4.2
57.6
34.7
12.2
14.5
8
0
0.9
0.1
3.1
4.6
57.5
33.8
11.8
14.2
7.8
0
0.9
0.1
4.4
5.1
56.1
33.3
11.7
13.9
7.7
0
0.9
0.1
6.8
6
55.1
31.1
11.4
12.6
7.1
0
0.9
0.1
9.5
6.6
54.9
28
10.8
11
6.2
0
1.1
0
12.3
6.9
55.2
24.5
9.6
9.7
5.1
0
1.5
0
15.5
7.3
54.3
21.3
8.9
8.5
3.9
0
1.8
0
21.7
7.7
51.7
17.1
7.3
7.1
2.7
15.3
1
0.3
2
6.1
35.9
39.4
12.9
19.4
7
100
0
0
0
0
0
0
0
0
0
100
0
0
0
0
0
0
0
0
0
100
0
0
0
0
0
0
0
0
0
0
0
0
0
60
40
0
0
0
0
0
0
0
0
0.3
49.3
50.3
16.7
30
3.6
0
0.3
0.1
0.2
1
32.6
65.9
19.4
36.4
10.1
0
0.7
0.2
0.4
1.3
35.2
62.3
18.3
32
12
0
1.4
0.5
1.1
2.1
37.2
57.7
17
29.6
11.1
0
2.2
0.8
1.7
3
37.6
54.7
16.1
28.1
10.5
0
2
0.7
1.8
2.7
38.3
54.5
16
28
10.5
0
1.8
0.6
1.7
2.6
40.1
53.3
14.9
28.2
10.2
0
1.4
0.3
1.7
2.6
42.6
51.4
16.9
24.9
9.5
0
1.2
0.2
1.8
3.1
47.4
46.3
17.2
20.3
8.7
0
1.2
0.2
2.2
3.8
50.7
42
17.1
17
7.9
0
1.2
0.1
3.2
4.9
50.4
40.2
16.7
15.8
7.8
0
1.3
0.1
5
6.5
49.7
37.4
15.4
14.5
7.5
0
1.3
0.1
8.4
8.5
49.7
32
13.5
12.4
6.1
0
1.5
0.1
12.5
10.2
49
26.8
11.8
10.6
4.4
0
1.9
0
16.6
11.5
47.4
22.6
10.4
9.1
3
0
2.6
0
20.7
12.3
45.9
18.5
8.7
7.7
2
0
2.8
0
28.5
13.4
41.4
13.9
6.9
5.8
1.2
14.4
0.9
0.3
1.5
5.7
38.2
39
12.3
19.6
7
100
0
0
0
0
0
0
0
0
0
100
0
0
0
0
0
0
0
0
0
100
0
0
0
0
0
0
0
0
0
0
0
0
0
60
40
0
0
0
0
0
0
0
0
0.2
50.4
49.4
16.5
29.5
3.4
0
0.1
0
0.1
0.5
33
66.4
19.5
37
9.8
0
0.3
0
0.2
0.9
36.2
62.4
18.4
32.4
11.6
0
0.9
0.3
0.6
1.9
39.3
57
16.8
29.6
10.6
0
1.4
0.6
1.3
2.7
41.1
52.8
15.5
27.5
9.8
0
2.1
0.9
1.9
3.4
41.9
49.7
14.6
25.8
9.2
0
1.9
0.8
2
3.1
43.3
48.8
14.4
25.3
9.1
0
1.7
0.6
2
3
45.7
47
13.2
24.4
9.4
0
1.3
0.4
1.8
2.9
47.7
45.9
14.7
22.2
9
0
1.2
0.3
2
3.3
51.4
41.9
14.9
18.5
8.5
0
1.1
0.2
2.3
4
53.9
38.6
14.7
15.8
8
0
1.1
0.1
3.1
4.8
53.6
37.3
14.4
15.1
7.8
0
1
0.1
4.5
5.8
52.6
36
13.9
14.4
7.7
0
1
0.1
7.2
7.3
52.1
32.4
12.9
12.8
6.7
0
1.1
0.1
10.3
8.5
51.6
28.4
11.8
11.2
5.3
0
1.4
0
13.9
9.7
50.7
24.4
10.6
9.8
3.9
0
2.1
0
18.8
10.9
48.5
19.7
9
8.1
2.6
14.8
0.8
0.3
1.4
5.7
41.2
35.8
11.1
18.3
6.4
100
0
0
0
0
0
0
0
0
0
100
0
0
0
0
0
0
0
0
0
100
0
0
0
0
0
0
0
0
0
0
0
0
0
60
40
0
0
0
0
0
0
0
0
0.2
53.1
46.8
15.6
28
3.1
0
0.1
0
0.1
0.5
37
62.4
18.4
35.1
8.9
0
0.3
0
0.2
0.9
39.9
58.7
17.3
30.9
10.4
0
0.8
0.3
0.6
2
42.9
53.4
15.8
28.2
9.5
0
1.2
0.6
1.4
3
44.9
49
14.4
25.8
8.7
0
1.8
0.9
2
3.7
46.2
45.3
13.4
23.9
8.1
0
1.6
0.8
2.1
3.4
48.5
43.4
12.8
22.9
7.7
0
1.5
0.6
2.1
3.3
51.6
40.9
11.5
20.7
8.7
0
1.1
0.4
1.9
3.1
53.1
40.4
12.4
19.5
8.5
0
1
0.3
2
3.5
55.7
37.5
12.5
16.7
8.2
0
0.9
0.2
2.4
4.2
57.4
34.9
12.2
14.6
8
0
0.9
0.1
3.1
4.6
57.3
34
11.8
14.3
7.9
0
0.8
0.1
4.2
5
56
33.9
11.9
14.1
7.8
0
0.8
0.1
6.2
5.9
55
32
11.8
13
7.3
0
0.8
0.1
8.6
6.4
55.1
29.1
11.2
11.5
6.4
0
1
0
11.2
6.7
55.5
25.6
10.1
10.2
5.3
0
1.4
0
15.1
7.2
54.4
21.7
9.1
8.7
4
14
1
0.3
1.6
5.6
35.4
42.1
13.6
21
7.5
100
0
0
0
0
0
0
0
0
0
100
0
0
0
0
0
0
0
0
0
100
0
0
0
0
0
0
0
0
0
0
0
0
0
60
40
0
0
0
0
0
0
0
0
0.2
47.6
52.2
17.3
31.1
3.8
0
0.1
0
0.1
0.5
28.8
70.5
20.7
38.9
10.9
0
0.3
0
0.2
0.9
32.4
66.3
19.5
34
12.8
0
1
0.3
0.6
1.8
35.6
60.7
17.8
31.2
11.7
0
1.6
0.6
1.2
2.5
37.2
56.8
16.7
29.2
11
0
2.4
0.9
1.8
3.2
37.5
54.1
15.9
27.8
10.4
0
2.2
0.8
1.9
2.9
38.1
54.1
15.9
27.8
10.4
0
1.9
0.6
1.8
2.7
39.9
53
14.8
28
10.1
0
1.5
0.4
1.8
2.7
42.5
51.2
16.9
24.8
9.5
0
1.3
0.3
1.9
3.1
47.3
46.2
17.2
20.3
8.7
0
1.2
0.2
2.2
3.8
50.6
42
17.1
17
7.9
0
1.3
0.1
3.1
4.9
50.3
40.3
16.7
15.8
7.8
0
1.2
0.1
4.8
6.4
49.6
37.8
15.5
14.7
7.6
0
1.2
0.1
8
8.4
49.8
32.6
13.8
12.6
6.2
0
1.3
0.1
11.5
10
49.3
27.8
12.3
11
4.6
0
1.6
0
15.3
11.3
48.1
23.7
11
9.6
3.1
0
2.4
0
20.3
12.3
46.2
18.9
9
7.9
2
13.3
0.9
0.3
1.3
5.2
37.4
41.6
13
21.2
7.5
100
0
0
0
0
0
0
0
0
0
100
0
0
0
0
0
0
0
0
0
100
0
0
0
0
0
0
0
0
0
0
0
0
0
60
40
0
0
0
0
0
0
0
0
0.1
48.6
51.3
17.1
30.7
3.6
0
0
0
0
0.2
29.9
69.8
20.5
38.9
10.3
0
0.1
0
0.1
0.4
32.8
66.6
19.6
34.7
12.4
0
0.4
0.1
0.3
1.3
36.9
61.1
18
31.8
11.3
0
1.1
0.3
0.7
2.2
39.4
56.2
16.5
29.2
10.4
0
1.6
0.7
1.4
2.9
41
52.3
15.4
27.2
9.7
0
2.3
1
2
3.6
41.7
49.4
14.5
25.7
9.2
0
2
0.8
2.1
3.2
43.2
48.6
14.3
25.2
9.1
0
1.8
0.7
2
3.1
45.6
46.9
13.1
24.3
9.4
0
1.4
0.4
1.9
2.9
47.6
45.9
14.7
22.2
9
0
1.2
0.3
2
3.3
51.2
42
15
18.6
8.5
0
1.1
0.2
2.3
4
53.7
38.7
14.8
15.9
8
0
1
0.1
3
4.7
53.4
37.8
14.6
15.2
7.9
0
0.9
0.1
4.2
5.7
52.3
36.8
14.2
14.7
7.8
0
0.9
0.1
6.6
7.1
51.9
33.5
13.4
13.2
6.9
0
0.9
0
9.4
8.4
51.6
29.6
12.4
11.7
5.5
0
1.3
0
13.5
9.8
50.4
24.9
11
10
3.8
13.8
0.7
0.3
1.2
5.3
40.3
38.4
11.8
19.8
6.8
100
0
0
0
0
0
0
0
0
0
100
0
0
0
0
0
0
0
0
0
100
0
0
0
0
0
0
0
0
0
0
0
0
0
60
40
0
0
0
0
0
0
0
0
0.1
51.1
48.8
16.3
29.2
3.3
0
0
0
0
0.2
33.6
66.2
19.5
37.2
9.4
0
0.1
0
0.1
0.5
36.8
62.6
18.5
33
11.1
0
0.4
0.1
0.2
1.3
40.4
57.6
17
30.3
10.2
0
0.9
0.3
0.7
2.3
42.9
52.7
15.6
27.8
9.4
0
1.4
0.7
1.5
3.2
44.8
48.6
14.3
25.6
8.6
0
1.9
1
2.1
3.9
46.1
45.1
13.3
23.8
8
0
1.7
0.8
2.2
3.5
48.4
43.3
12.8
22.8
7.7
0
1.5
0.7
2.1
3.3
51.5
40.8
11.5
20.7
8.7
0
1.2
0.4
1.9
3.1
53
40.4
12.4
19.5
8.5
0
1
0.3
2
3.5
55.6
37.6
12.6
16.8
8.2
0
0.9
0.2
2.4
4.2
57.3
35
12.3
14.7
8.1
0
0.8
0.1
2.9
4.5
57.1
34.5
12
14.5
8
0
0.7
0.1
3.8
4.9
55.8
34.7
12.2
14.5
8
0
0.6
0.1
5.5
5.6
54.8
33.3
12.2
13.5
7.5
0
0.7
0
7.7
6.1
55
30.4
11.7
12
6.7
0
0.9
0
10.8
6.6
55.6
26.2
10.3
10.4
5.4
12.9
1
0.3
1.3
5.2
34.5
44.8
14.2
22.5
8.1
100
0
0
0
0
0
0
0
0
0
100
0
0
0
0
0
0
0
0
0
100
0
0
0
0
0
0
0
0
0
0
0
0
0
60
40
0
0
0
0
0
0
0
0
0
46
53.9
17.9
32.1
3.9
0
0
0
0
0.2
26.2
73.5
21.6
40.6
11.3
0
0.1
0
0.1
0.4
28.6
70.9
20.8
36.4
13.7
0
0.4
0.1
0.3
1.2
33.2
64.8
19
33.3
12.5
0
1.2
0.3
0.7
2.2
35.8
59.7
17.5
30.7
11.5
0
1.8
0.7
1.3
2.7
37.2
56.2
16.5
28.9
10.8
0
2.6
1
1.9
3.3
37.4
53.8
15.8
27.6
10.4
0
2.3
0.8
2
3
38
53.9
15.8
27.7
10.4
0
2
0.7
1.9
2.8
39.8
52.8
14.8
27.9
10.1
0
1.5
0.4
1.8
2.7
42.4
51.1
16.8
24.8
9.5
0
1.4
0.3
1.9
3.1
47.2
46.2
17.2
20.3
8.7
0
1.3
0.2
2.2
3.8
50.4
42
17.1
17
7.9
0
1.2
0.1
3.1
4.9
50.2
40.5
16.8
15.9
7.8
0
1.1
0.1
4.6
6.3
49.6
38.4
15.7
14.9
7.7
0
1
0.1
7.3
8.1
49.9
33.7
14.2
13
6.4
0
1.1
0
10.4
9.6
49.6
29.2
12.8
11.5
4.8
0
1.5
0
14.6
11.1
48.4
24.4
11.3
9.9
3.2
12.7
0.8
0.3
1.1
4.8
36.2
44.1
13.6
22.6
7.9
100
0
0
0
0
0
0
0
0
0
100
0
0
0
0
0
0
0
0
0
100
0
0
0
0
0
0
0
0
0
0
0
0
0
60
40
0
0
0
0
0
0
0
0
0
46.8
53.2
17.7
31.8
3.7
0
0
0
0
0.1
27.2
72.7
21.4
40.5
10.8
0
0
0
0
0.2
29.7
70
20.6
36.4
13
0
0.1
0
0.1
0.6
33.6
65.6
19.3
34.1
12.2
0
0.5
0.1
0.3
1.5
37.3
60.3
17.8
31.4
11.2
0
1.2
0.4
0.8
2.4
39.5
55.7
16.4
29
10.3
0
1.7
0.7
1.5
3.1
41
52.1
15.3
27.1
9.7
0
2.3
1
2
3.7
41.7
49.3
14.5
25.6
9.2
0
2.1
0.9
2.1
3.3
43.1
48.5
14.3
25.2
9
0
1.8
0.7
2
3.1
45.5
46.9
13.1
24.3
9.4
0
1.4
0.4
1.9
2.9
47.5
45.9
14.7
22.2
9
0
1.2
0.3
2
3.3
51
42.1
15
18.6
8.5
0
1
0.2
2.2
3.9
53.5
39.1
15
16
8.1
0
0.9
0.1
2.8
4.6
53.1
38.5
14.9
15.5
8
0
0.8
0.1
3.8
5.5
51.8
38
14.8
15.2
8.1
0
0.7
0.1
5.9
6.9
51.4
35
14.1
13.8
7.1
0
0.9
0
9
8.5
51.1
30.4
13
12
5.5
13.1
0.7
0.3
1
4.9
39.1
40.9
12.4
21.2
7.2
100
0
0
0
0
0
0
0
0
0
100
0
0
0
0
0
0
0
0
0
100
0
0
0
0
0
0
0
0
0
0
0
0
0
60
40
0
0
0
0
0
0
0
0
0
48.9
51
17
30.6
3.4
0
0
0
0
0.1
30.6
69.2
20.4
39
9.8
0
0
0
0
0.2
33.4
66.3
19.6
35
11.8
0
0.1
0
0.1
0.7
37.4
61.7
18.2
32.5
11
0
0.5
0.1
0.3
1.5
40.7
56.9
16.8
30
10.1
0
1
0.4
0.8
2.5
42.9
52.3
15.4
27.6
9.3
0
1.4
0.7
1.5
3.3
44.7
48.3
14.3
25.5
8.6
0
2
1
2.1
3.9
46
44.9
13.3
23.7
8
0
1.8
0.9
2.3
3.6
48.3
43.2
12.8
22.8
7.7
0
1.5
0.7
2.1
3.4
51.4
40.8
11.5
20.7
8.7
0
1.2
0.4
1.9
3.1
52.9
40.5
12.5
19.5
8.5
0
1
0.3
2
3.6
55.4
37.7
12.6
16.8
8.3
0
0.8
0.2
2.3
4.1
57.1
35.5
12.4
14.8
8.2
0
0.7
0.1
2.6
4.4
56.9
35.3
12.3
14.8
8.2
0
0.6
0.1
3.3
4.6
55.4
36
12.7
15
8.3
0
0.5
0.1
4.9
5.3
54.5
34.8
12.8
14.1
7.9
0
0.6
0
7.2
6
54.9
31.3
12.1
12.3
6.9
12.3
1
0.3
1.1
4.7
33.4
47.3
14.8
23.9
8.6
100
0
0
0
0
0
0
0
0
0
100
0
0
0
0
0
0
0
0
0
100
0
0
0
0
0
0
0
0
0
0
0
0
0
60
40
0
0
0
0
0
0
0
0
0
44.5
55.5
18.4
33.1
4
0
0
0
0
0.1
23.7
76.2
22.4
42.1
11.7
0
0
0
0
0.2
26
73.8
21.7
37.9
14.2
0
0.1
0
0.1
0.6
29.6
69.6
20.4
35.7
13.4
0
0.5
0.1
0.3
1.5
33.7
63.9
18.8
32.8
12.3
0
1.3
0.4
0.8
2.4
36
59.2
17.4
30.4
11.4
0
1.9
0.8
1.4
2.8
37.2
55.9
16.4
28.7
10.8
0
2.7
1
1.9
3.4
37.4
53.6
15.7
27.5
10.3
0
2.4
0.9
2
3
38
53.7
15.8
27.6
10.4
0
2.1
0.7
1.9
2.8
39.8
52.7
14.8
27.9
10.1
0
1.6
0.4
1.8
2.7
42.4
51.1
16.8
24.8
9.5
0
1.4
0.3
1.9
3.1
47.1
46.2
17.2
20.3
8.7
0
1.2
0.2
2.2
3.8
50.4
42.3
17.2
17.1
8
0
1.1
0.1
2.9
4.8
50.1
41
17
16.1
7.9
0
0.9
0.1
4.1
6.1
49.4
39.4
16.2
15.3
7.9
0
0.8
0.1
6.4
7.8
49.8
35.1
14.9
13.6
6.7
0
1
0
9.7
9.4
49.7
30.1
13.3
11.9
4.9
12.4
0.8
0.3
0.9
4.4
34.9
46.3
14.2
23.9
8.3
100
0
0
0
0
0
0
0
0
0
100
0
0
0
0
0
0
0
0
0
100
0
0
0
0
0
0
0
0
0
0
0
0
0
60
40
0
0
0
0
0
0
0
0
0
45.4
54.6
18.2
32.6
3.8
0
0
0
0
0
24.4
75.6
22.3
42.1
11.2
0
0
0
0
0.1
27.1
72.8
21.4
37.9
13.5
0
0
0
0
0.3
30.4
69.2
20.4
36
12.9
0
0.1
0
0.1
0.7
34
65
19.1
33.8
12.1
0
0.6
0.1
0.3
1.6
37.5
59.9
17.6
31.1
11.1
0
1.2
0.4
0.8
2.5
39.5
55.4
16.3
28.8
10.3
0
1.7
0.8
1.5
3.1
41
51.9
15.3
27
9.6
0
2.4
1
2.1
3.7
41.6
49.2
14.5
25.6
9.2
0
2.1
0.9
2.2
3.3
43
48.5
14.3
25.2
9
0
1.8
0.7
2
3.1
45.4
46.9
13.2
24.4
9.4
0
1.4
0.4
1.9
3
47.3
46
14.7
22.3
9
0
1.2
0.3
1.9
3.3
50.9
42.5
15.2
18.8
8.5
0
0.9
0.2
2.1
3.8
53.2
39.8
15.3
16.3
8.2
0
0.8
0.1
2.5
4.4
52.4
39.8
15.5
16
8.3
0
0.6
0.1
3.3
5.3
50.9
39.8
15.6
15.8
8.4
0
0.6
0
5.5
6.9
50.8
36.2
14.8
14.2
7.2
12.8
0.7
0.3
0.9
4.5
37.7
43.1
13
22.6
7.6
100
0
0
0
0
0
0
0
0
0
100
0
0
0
0
0
0
0
0
0
100
0
0
0
0
0
0
0
0
0
0
0
0
0
60
40
0
0
0
0
0
0
0
0
0
47.4
52.6
17.6
31.5
3.5
0
0
0
0
0
27.4
72.6
21.4
40.9
10.3
0
0
0
0
0.1
30.5
69.3
20.5
36.5
12.3
0
0
0
0
0.3
34
65.7
19.4
34.6
11.7
0
0.1
0
0.1
0.7
37.7
61.2
18.1
32.3
10.9
0
0.6
0.1
0.3
1.6
40.9
56.5
16.7
29.8
10.1
0
1.1
0.4
0.8
2.6
43
52.1
15.4
27.4
9.3
0
1.5
0.7
1.6
3.4
44.7
48.2
14.2
25.4
8.6
0
2
1
2.2
4
45.9
44.9
13.2
23.7
8
0
1.8
0.9
2.3
3.6
48.2
43.2
12.8
22.8
7.7
0
1.5
0.7
2.1
3.4
51.3
40.9
11.5
20.7
8.7
0
1.2
0.4
1.9
3.2
52.7
40.6
12.5
19.6
8.5
0
0.9
0.3
1.9
3.5
55.3
38.1
12.8
17
8.3
0
0.7
0.2
2.1
4
56.8
36.2
12.7
15.2
8.4
0
0.6
0.1
2.3
4.1
56.3
36.6
12.7
15.3
8.5
0
0.5
0.1
2.8
4.3
54.6
37.7
13.3
15.7
8.7
0
0.5
0
4.5
5.1
54
35.9
13.2
14.6
8.1
12
0.9
0.3
0.9
4.3
32.2
49.4
15.3
25.1
9
100
0
0
0
0
0
0
0
0
0
100
0
0
0
0
0
0
0
0
0
100
0
0
0
0
0
0
0
0
0
0
0
0
0
60
40
0
0
0
0
0
0
0
0
0
43.3
56.7
18.8
33.8
4.1
0
0
0
0
0
21.3
78.7
23.1
43.4
12.1
0
0
0
0
0.1
23.5
76.4
22.4
39.2
14.7
0
0
0
0
0.3
26.8
72.8
21.4
37.4
14
0
0.1
0
0.1
0.7
30.1
68.9
20.2
35.4
13.3
0
0.6
0.1
0.4
1.6
34
63.4
18.6
32.5
12.2
0
1.4
0.4
0.8
2.5
36
58.8
17.3
30.2
11.3
0
2
0.8
1.4
2.9
37.2
55.7
16.4
28.6
10.7
0
2.7
1.1
2
3.4
37.4
53.5
15.7
27.5
10.3
0
2.4
0.9
2.1
3
37.9
53.7
15.8
27.5
10.3
0
2.1
0.7
1.9
2.8
39.7
52.7
14.8
27.8
10.1
0
1.6
0.4
1.8
2.7
42.3
51.1
16.8
24.8
9.5
0
1.4
0.3
1.9
3.1
47
46.3
17.3
20.4
8.7
0
1.1
0.2
2.1
3.7
50.2
42.7
17.3
17.3
8.1
0
0.9
0.1
2.6
4.6
49.8
42
17.4
16.5
8.1
0
0.8
0.1
3.6
5.7
48.9
40.9
16.8
15.9
8.2
0
0.7
0
5.9
7.5
49.5
36.4
15.4
14.1
6.9
12
0.8
0.3
0.8
4.1
33.6
48.4
14.7
25.1
8.7
100
0
0
0
0
0
0
0
0
0
100
0
0
0
0
0
0
0
0
0
100
0
0
0
0
0
0
0
0
0
0
0
0
0
60
40
0
0
0
0
0
0
0
0
0
44
56
18.7
33.5
3.9
0
0
0
0
0
22.3
77.7
22.9
43.3
11.5
0
0
0
0
0
24.3
75.7
22.3
39.4
14.1
0
0
0
0
0.1
27.6
72.3
21.3
37.6
13.4
0
0
0
0
0.3
30.8
68.8
20.2
35.8
12.8
0
0.1
0
0.1
0.8
34.3
64.6
19
33.6
12
0
0.6
0.1
0.4
1.7
37.6
59.6
17.6
31
11.1
0
1.3
0.4
0.9
2.6
39.6
55.3
16.3
28.7
10.3
0
1.8
0.8
1.5
3.2
40.9
51.8
15.3
26.9
9.6
0
2.4
1.1
2.1
3.7
41.6
49.2
14.5
25.6
9.2
0
2.1
0.9
2.2
3.4
43
48.5
14.3
25.2
9
0
1.8
0.7
2
3.1
45.3
47
13.2
24.4
9.4
0
1.3
0.4
1.8
2.9
47.2
46.3
14.8
22.4
9.1
0
1.1
0.3
1.8
3.2
50.5
43.1
15.4
19.1
8.7
0
0.8
0.1
1.8
3.7
52.5
41
15.8
16.8
8.4
0
0.6
0.1
2.1
4.1
51.3
41.8
16.4
16.7
8.6
0
0.5
0.1
3
5.1
49.8
41.5
16.5
16.4
8.6
12.4
0.6
0.3
0.8
4.2
36.4
45.3
13.6
23.8
7.9
100
0
0
0
0
0
0
0
0
0
100
0
0
0
0
0
0
0
0
0
100
0
0
0
0
0
0
0
0
0
0
0
0
0
60
40
0
0
0
0
0
0
0
0
0
45.9
54.1
18.1
32.4
3.6
0
0
0
0
0
25.1
74.9
22.1
42.2
10.6
0
0
0
0
0
27.3
72.7
21.4
38.3
12.9
0
0
0
0
0.2
30.9
68.9
20.3
36.3
12.3
0
0
0
0
0.3
34.3
65.3
19.3
34.4
11.6
0
0.1
0
0.1
0.8
37.9
61
18
32.1
10.8
0
0.6
0.1
0.4
1.7
41
56.3
16.6
29.7
10
0
1.1
0.4
0.9
2.7
43
51.9
15.3
27.4
9.2
0
1.5
0.8
1.6
3.4
44.6
48.2
14.2
25.4
8.6
0
2
1
2.2
4
45.9
44.9
13.2
23.7
8
0
1.7
0.9
2.3
3.6
48.2
43.3
12.8
22.8
7.7
0
1.5
0.7
2.1
3.4
51.2
41
11.5
20.8
8.7
0
1.1
0.4
1.8
3.1
52.6
40.9
12.6
19.7
8.6
0
0.8
0.2
1.8
3.4
55
38.8
13
17.3
8.5
0
0.6
0.1
1.8
3.8
56.2
37.5
13.2
15.7
8.7
0
0.4
0.1
1.9
3.8
55.4
38.4
13.4
16.1
8.9
0
0.4
0.1
2.5
4.1
53.8
39.2
13.8
16.3
9
11.6
0.9
0.3
0.8
4
30.9
51.5
15.7
26.3
9.4
100
0
0
0
0
0
0
0
0
0
100
0
0
0
0
0
0
0
0
0
100
0
0
0
0
0
0
0
0
0
0
0
0
0
60
40
0
0
0
0
0
0
0
0
0
41.9
58
19.3
34.6
4.2
0
0
0
0
0
19.4
80.6
23.7
44.5
12.4
0
0
0
0
0
21.1
78.9
23.2
40.5
15.2
0
0
0
0
0.1
24.2
75.7
22.2
38.9
14.6
0
0
0
0
0.3
27.3
72.3
21.2
37.1
13.9
0
0.2
0
0.1
0.8
30.5
68.4
20.1
35.1
13.2
0
0.6
0.1
0.4
1.7
34.2
63.1
18.5
32.4
12.2
0
1.5
0.4
0.9
2.5
36.1
58.6
17.2
30.1
11.3
0
2
0.8
1.5
2.9
37.2
55.6
16.3
28.5
10.7
0
2.7
1.1
2
3.5
37.4
53.4
15.7
27.4
10.3
0
2.5
0.9
2.1
3.1
37.9
53.6
15.7
27.5
10.3
0
2.2
0.7
2
2.9
39.7
52.6
14.7
27.8
10.1
0
1.6
0.4
1.8
2.7
42.3
51.2
16.9
24.8
9.5
0
1.3
0.3
1.8
3.1
46.9
46.7
17.4
20.5
8.8
0
0.9
0.2
1.9
3.6
49.9
43.5
17.7
17.6
8.2
0
0.7
0.1
2.2
4.3
49.1
43.6
18
17.1
8.4
0
0.6
0.1
3.2
5.5
48.3
42.4
17.4
16.4
8.5
11.5
0.7
0.3
0.7
3.9
32.3
50.5
15.2
26.3
9.1
100
0
0
0
0
0
0
0
0
0
100
0
0
0
0
0
0
0
0
0
100
0
0
0
0
0
0
0
0
0
0
0
0
0
60
40
0
0
0
0
0
0
0
0
0
42.6
57.4
19.1
34.3
4
0
0
0
0
0
20.1
79.9
23.5
44.5
11.8
0
0
0
0
0
22.2
77.8
22.9
40.5
14.4
0
0
0
0
0
24.7
75.3
22.2
39.2
14
0
0
0
0
0.1
27.9
71.9
21.2
37.4
13.4
0
0
0
0
0.3
31.1
68.5
20.2
35.6
12.7
0
0.2
0
0.1
0.8
34.4
64.4
19
33.5
12
0
0.6
0.1
0.4
1.7
37.7
59.5
17.5
30.9
11
0
1.3
0.4
0.9
2.6
39.6
55.2
16.2
28.7
10.2
0
1.8
0.8
1.5
3.2
40.9
51.8
15.2
26.9
9.6
0
2.4
1.1
2.1
3.7
41.6
49.2
14.5
25.6
9.2
0
2.1
0.9
2.2
3.4
42.9
48.5
14.3
25.2
9
0
1.8
0.7
2
3.1
45.2
47.2
13.2
24.5
9.5
0
1.2
0.4
1.7
2.9
46.9
46.9
15
22.7
9.2
0
0.9
0.2
1.6
3.1
49.8
44.4
15.9
19.6
8.9
0
0.6
0.1
1.5
3.4
51.3
43.1
16.7
17.6
8.7
0
0.5
0.1
1.8
3.9
49.6
44.1
17.6
17.6
8.9
11.9
0.6
0.3
0.7
4
35
47.5
14.2
25.1
8.3
100
0
0
0
0
0
0
0
0
0
100
0
0
0
0
0
0
0
0
0
100
0
0
0
0
0
0
0
0
0
0
0
0
0
60
40
0
0
0
0
0
0
0
0
0
44.3
55.7
18.6
33.4
3.7
0
0
0
0
0
22.7
77.3
22.8
43.5
11
0
0
0
0
0
25.1
74.9
22.1
39.5
13.3
0
0
0
0
0
27.6
72.4
21.3
38.1
12.9
0
0
0
0
0.2
31.2
68.7
20.3
36.2
12.2
0
0
0
0
0.3
34.5
65.1
19.2
34.3
11.6
0
0.1
0
0.1
0.8
38.1
60.8
17.9
32
10.8
0
0.6
0.1
0.4
1.7
41
56.2
16.6
29.6
10
0
1.1
0.4
0.9
2.7
43
51.9
15.3
27.3
9.2
0
1.5
0.8
1.6
3.4
44.6
48.1
14.2
25.4
8.6
0
2
1
2.2
4
45.8
44.9
13.3
23.7
8
0
1.7
0.9
2.3
3.7
48.1
43.3
12.8
22.8
7.7
0
1.4
0.7
2.1
3.4
51.2
41.3
11.6
20.9
8.8
0
0.9
0.4
1.7
3
52.4
41.6
12.8
20.1
8.7
0
0.6
0.2
1.5
3.2
54.3
40.1
13.4
17.9
8.8
0
0.4
0.1
1.4
3.5
55.1
39.5
13.9
16.5
9.1
0
0.3
0.1
1.6
3.6
54.2
40.3
14
16.9
9.3
11.2
0.8
0.3
0.7
3.8
29.7
53.5
16.2
27.5
9.8
100
0
0
0
0
0
0
0
0
0
100
0
0
0
0
0
0
0
0
0
100
0
0
0
0
0
0
0
0
0
0
0
0
0
60
40
0
0
0
0
0
0
0
0
0
40.8
59.2
19.7
35.3
4.3
0
0
0
0
0
17.3
82.6
24.3
45.6
12.7
0
0
0
0
0
19.3
80.7
23.7
41.4
15.6
0
0
0
0
0
21.6
78.3
23
40.2
15.1
0
0
0
0
0.1
24.6
75.3
22.1
38.7
14.5
0
0
0
0
0.4
27.6
72
21.1
36.9
13.9
0
0.2
0
0.1
0.8
30.7
68.2
20
35
13.1
0
0.6
0.1
0.4
1.7
34.3
62.9
18.5
32.3
12.1
0
1.5
0.4
0.9
2.6
36.1
58.5
17.2
30
11.3
0
2.1
0.8
1.5
3
37.2
55.5
16.3
28.5
10.7
0
2.8
1.1
2
3.5
37.3
53.4
15.7
27.4
10.3
0
2.5
0.9
2.1
3.1
37.9
53.5
15.7
27.5
10.3
0
2.1
0.7
1.9
2.9
39.7
52.7
14.8
27.9
10.1
0
1.5
0.4
1.7
2.7
42.2
51.4
16.9
24.9
9.6
0
1.1
0.2
1.6
3
46.6
47.4
17.7
20.8
8.9
0
0.7
0.1
1.6
3.4
49.2
45.1
18.3
18.2
8.5
0
0.5
0.1
1.9
4.1
48
45.4
18.8
17.8
8.8
11
0.6
0.2
0.6
3.7
31.1
52.7
15.7
27.5
9.4
100
0
0
0
0
0
0
0
0
0
100
0
0
0
0
0
0
0
0
0
100
0
0
0
0
0
0
0
0
0
0
0
0
0
60
40
0
0
0
0
0
0
0
0
0
41.7
58.3
19.4
34.8
4.1
0
0
0
0
0
18
82
24.1
45.7
12.1
0
0
0
0
0
20
80
23.5
41.6
14.8
0
0
0
0
0
22.4
77.6
22.8
40.3
14.4
0
0
0
0
0
24.9
75.1
22.1
39
13.9
0
0
0
0
0.1
28.1
71.7
21.1
37.3
13.3
0
0
0
0
0.4
31.2
68.3
20.1
35.5
12.7
0
0.2
0
0.1
0.8
34.5
64.3
18.9
33.4
11.9
0
0.6
0.1
0.4
1.7
37.7
59.4
17.5
30.9
11
0
1.3
0.4
0.9
2.7
39.6
55.1
16.2
28.7
10.2
0
1.8
0.8
1.5
3.2
40.9
51.8
15.2
26.9
9.6
0
2.4
1.1
2.1
3.8
41.5
49.2
14.5
25.6
9.2
0
2.1
0.9
2.1
3.4
42.8
48.7
14.3
25.3
9.1
0
1.7
0.6
1.9
3.1
45
47.7
13.4
24.8
9.5
0
1.1
0.3
1.5
2.7
46.2
48.1
15.5
23.3
9.4
0
0.7
0.2
1.3
2.8
48.5
46.5
16.8
20.5
9.2
0
0.4
0.1
1.2
3.1
49.3
45.8
18
18.6
9.1
11.4
0.5
0.2
0.6
3.8
33.7
49.8
14.8
26.4
8.6
100
0
0
0
0
0
0
0
0
0
100
0
0
0
0
0
0
0
0
0
100
0
0
0
0
0
0
0
0
0
0
0
0
0
60
40
0
0
0
0
0
0
0
0
0
43.3
56.7
18.9
34
3.8
0
0
0
0
0
20.4
79.6
23.5
44.8
11.3
0
0
0
0
0
22.7
77.3
22.8
40.7
13.8
0
0
0
0
0
25.2
74.8
22.1
39.4
13.3
0
0
0
0
0
27.8
72.2
21.3
38
12.9
0
0
0
0
0.2
31.3
68.5
20.2
36.1
12.2
0
0
0
0
0.4
34.6
65
19.2
34.2
11.6
0
0.1
0
0.1
0.9
38.1
60.7
17.9
32
10.8
0
0.6
0.1
0.4
1.7
41
56.1
16.6
29.6
10
0
1.1
0.4
0.9
2.7
43
51.8
15.3
27.3
9.2
0
1.5
0.8
1.6
3.4
44.6
48.1
14.2
25.4
8.6
0
2
1
2.2
4
45.8
45
13.3
23.7
8
0
1.6
0.8
2.2
3.6
48.1
43.6
12.9
23
7.8
0
1.3
0.6
1.9
3.3
51
41.9
11.8
21.2
8.9
0
0.7
0.3
1.4
2.9
51.8
42.9
13.2
20.7
9
0
0.4
0.1
1.2
2.9
53.1
42.3
14.2
18.9
9.3
0
0.3
0.1
1.2
3.1
53.6
41.7
14.6
17.5
9.6
10.6
0.8
0.3
0.6
3.6
28.5
55.6
16.6
28.7
10.2
100
0
0
0
0
0
0
0
0
0
100
0
0
0
0
0
0
0
0
0
100
0
0
0
0
0
0
0
0
0
0
0
0
0
60
40
0
0
0
0
0
0
0
0
0
40.1
59.9
19.9
35.7
4.3
0
0
0
0
0
15.6
84.4
24.8
46.6
13
0
0
0
0
0
17.3
82.7
24.3
42.5
16
0
0
0
0
0
19.6
80.4
23.6
41.3
15.5
0
0
0
0
0
21.9
78.1
22.9
40.1
15
0
0
0
0
0.1
24.8
75
22
38.5
14.5
0
0
0
0
0.4
27.8
71.8
21.1
36.8
13.8
0
0.2
0
0.2
0.8
30.8
68
20
34.9
13.1
0
0.7
0.1
0.4
1.7
34.3
62.8
18.4
32.2
12.1
0
1.5
0.4
0.9
2.6
36.1
58.4
17.2
30
11.3
0
2.1
0.8
1.5
3
37.2
55.5
16.3
28.5
10.7
0
2.8
1.1
2
3.5
37.3
53.3
15.7
27.4
10.3
0
2.5
0.9
2.1
3.1
37.9
53.6
15.7
27.5
10.3
0
2
0.7
1.9
2.8
39.6
52.9
14.8
27.9
10.1
0
1.3
0.4
1.6
2.6
42
52.1
17.1
25.2
9.7
0
0.8
0.2
1.4
2.8
45.9
48.9
18.2
21.5
9.2
0
0.5
0.1
1.3
3.1
47.8
47.2
19.2
19.1
8.9
10.5
0.6
0.2
0.5
3.5
29.8
54.9
16.3
28.8
9.8
100
0
0
0
0
0
0
0
0
0
100
0
0
0
0
0
0
0
0
0
100
0
0
0
0
0
0
0
0
0
0
0
0
0
60
40
0
0
0
0
0
0
0
0
0
40.8
59.2
19.7
35.4
4.1
0
0
0
0
0
16.7
83.3
24.5
46.4
12.3
0
0
0
0
0
18
82
24.1
42.6
15.2
0
0
0
0
0
20.1
79.9
23.5
41.5
14.8
0
0
0
0
0
22.6
77.4
22.8
40.3
14.4
0
0
0
0
0
25
75
22.1
39
13.9
0
0
0
0
0.1
28.2
71.6
21.1
37.2
13.3
0
0
0
0
0.4
31.3
68.2
20.1
35.5
12.7
0
0.2
0
0.1
0.9
34.6
64.2
18.9
33.4
11.9
0
0.6
0.1
0.4
1.8
37.7
59.4
17.5
30.9
11
0
1.3
0.4
0.9
2.7
39.6
55.1
16.2
28.6
10.2
0
1.8
0.8
1.5
3.2
40.9
51.8
15.2
26.9
9.6
0
2.3
1
2.1
3.8
41.5
49.3
14.5
25.6
9.2
0
2
0.8
2.1
3.3
42.7
49.1
14.4
25.5
9.2
0
1.5
0.6
1.7
3
44.5
48.8
13.7
25.4
9.7
0
0.8
0.3
1.3
2.5
44.8
50.3
16.2
24.4
9.8
0
0.5
0.1
1
2.5
46.4
49.5
18.2
21.7
9.7
10.8
0.4
0.2
0.5
3.6
32.3
52.1
15.5
27.7
9
100
0
0
0
0
0
0
0
0
0
100
0
0
0
0
0
0
0
0
0
100
0
0
0
0
0
0
0
0
0
0
0
0
0
60
40
0
0
0
0
0
0
0
0
0
42.2
57.8
19.3
34.6
3.9
0
0
0
0
0
18.9
81.1
23.9
45.7
11.5
0
0
0
0
0
20.4
79.6
23.5
41.9
14.2
0
0
0
0
0
22.7
77.3
22.8
40.7
13.8
0
0
0
0
0
25.3
74.7
22
39.4
13.3
0
0
0
0
0
27.9
72.1
21.3
38
12.8
0
0
0
0
0.2
31.4
68.4
20.2
36.1
12.2
0
0
0
0
0.4
34.6
64.9
19.2
34.2
11.6
0
0.1
0
0.1
0.9
38.2
60.6
17.9
32
10.8
0
0.6
0.1
0.4
1.8
41.1
56.1
16.5
29.6
10
0
1.1
0.4
0.9
2.8
43
51.8
15.3
27.3
9.2
0
1.5
0.8
1.6
3.5
44.6
48.1
14.2
25.4
8.6
0
1.9
1
2.1
4
45.8
45.1
13.3
23.8
8
0
1.5
0.8
2.1
3.6
48
44
13
23.2
7.8
0
1
0.5
1.7
3.2
50.6
43.1
12.1
21.8
9.1
0
0.5
0.2
1.1
2.6
50.5
45.2
13.9
21.8
9.5
0
0.3
0.1
0.9
2.6
51.3
44.9
15.1
19.9
9.9
10.1
0.7
0.2
0.6
3.4
27.3
57.7
17.1
29.9
10.7
100
0
0
0
0
0
0
0
0
0
100
0
0
0
0
0
0
0
0
0
100
0
0
0
0
0
0
0
0
0
0
0
0
0
60
40
0
0
0
0
0
0
0
0
0
39.3
60.7
20.1
36.2
4.4
0
0
0
0
0
14.5
85.5
25.1
47.2
13.2
0
0
0
0
0
15.5
84.5
24.8
43.4
16.3
0
0
0
0
0
17.5
82.5
24.2
42.4
15.9
0
0
0
0
0
19.8
80.2
23.6
41.2
15.5
0
0
0
0
0
22.1
77.9
22.9
40
15
0
0
0
0
0.1
25
74.9
22
38.5
14.4
0
0
0
0
0.4
27.9
71.7
21
36.8
13.8
0
0.2
0
0.2
0.8
30.9
67.9
20
34.9
13.1
0
0.7
0.1
0.4
1.8
34.3
62.7
18.4
32.2
12.1
0
1.5
0.4
0.9
2.6
36.2
58.4
17.2
30
11.3
0
2.1
0.8
1.5
3
37.2
55.4
16.3
28.5
10.7
0
2.8
1.1
2
3.5
37.3
53.3
15.7
27.4
10.3
0
2.4
0.9
2.1
3.1
37.9
53.7
15.8
27.6
10.4
0
1.9
0.6
1.8
2.8
39.6
53.3
14.9
28.2
10.2
0
1
0.3
1.4
2.5
41.4
53.4
17.6
25.9
9.9
0
0.5
0.1
1
2.5
44.7
51.1
19.2
22.2
9.6
10
0.5
0.2
0.5
3.3
28.5
57
16.9
29.9
10.2
100
0
0
0
0
0
0
0
0
0
100
0
0
0
0
0
0
0
0
0
100
0
0
0
0
0
0
0
0
0
0
0
0
0
60
40
0
0
0
0
0
0
0
0
0
40.1
59.9
20
35.8
4.2
0
0
0
0
0
15.4
84.6
24.9
47.2
12.5
0
0
0
0
0
16.7
83.3
24.5
43.3
15.4
0
0
0
0
0
18.1
81.9
24.1
42.6
15.2
0
0
0
0
0
20.2
79.8
23.5
41.5
14.8
0
0
0
0
0
22.6
77.4
22.8
40.2
14.4
0
0
0
0
0
25.1
74.9
22
38.9
13.9
0
0
0
0
0.2
28.3
71.6
21.1
37.2
13.3
0
0
0
0
0.4
31.3
68.2
20.1
35.5
12.7
0
0.2
0
0.2
0.9
34.6
64.2
18.9
33.4
11.9
0
0.6
0.1
0.4
1.8
37.8
59.3
17.5
30.8
11
0
1.3
0.4
0.9
2.7
39.6
55.1
16.2
28.6
10.2
0
1.8
0.8
1.5
3.2
40.9
51.8
15.2
26.9
9.6
0
2.3
1
2
3.7
41.4
49.5
14.6
25.7
9.2
0
1.8
0.8
1.9
3.2
42.4
49.9
14.7
25.9
9.3
0
1.2
0.5
1.5
2.8
43.3
50.9
14.3
26.5
10.1
0
0.6
0.2
0.9
2.2
42.4
53.7
17.7
25.7
10.3
10.4
0.4
0.2
0.4
3.3
30.9
54.4
16.1
28.9
9.3
100
0
0
0
0
0
0
0
0
0
100
0
0
0
0
0
0
0
0
0
100
0
0
0
0
0
0
0
0
0
0
0
0
0
60
40
0
0
0
0
0
0
0
0
0
41.2
58.8
19.6
35.2
3.9
0
0
0
0
0
17.3
82.7
24.4
46.6
11.7
0
0
0
0
0
18.9
81.1
23.9
42.7
14.4
0
0
0
0
0
20.4
79.6
23.5
41.9
14.2
0
0
0
0
0
22.8
77.2
22.8
40.7
13.7
0
0
0
0
0
25.3
74.7
22
39.4
13.3
0
0
0
0
0
27.9
72
21.3
38
12.8
0
0
0
0
0.2
31.4
68.4
20.2
36
12.2
0
0
0
0
0.4
34.7
64.9
19.1
34.2
11.5
0
0.2
0
0.1
0.9
38.2
60.6
17.9
31.9
10.8
0
0.6
0.1
0.4
1.8
41.1
56.1
16.5
29.6
10
0
1.1
0.4
0.9
2.8
43
51.8
15.3
27.3
9.2
0
1.5
0.7
1.6
3.4
44.6
48.2
14.2
25.4
8.6
0
1.8
1
2
4
45.8
45.4
13.4
23.9
8.1
0
1.2
0.7
1.8
3.4
47.7
45.1
13.3
23.8
8
0
0.7
0.3
1.3
2.8
49.5
45.4
12.7
23
9.6
0
0.3
0.1
0.8
2.2
48.4
48.2
14.9
23.1
10.1
9.7
0.6
0.2
0.5
3.2
26.2
59.6
17.6
30.9
11.1
100
0
0
0
0
0
0
0
0
0
100
0
0
0
0
0
0
0
0
0
100
0
0
0
0
0
0
0
0
0
0
0
0
0
60
40
0
0
0
0
0
0
0
0
0
38.9
61.1
20.3
36.4
4.4
0
0
0
0
0
13.4
86.6
25.5
47.8
13.3
0
0
0
0
0
14.4
85.6
25.1
43.9
16.5
0
0
0
0
0
15.7
84.3
24.8
43.3
16.3
0
0
0
0
0
17.6
82.4
24.2
42.3
15.9
0
0
0
0
0
19.9
80.1
23.5
41.1
15.4
0
0
0
0
0
22.2
77.8
22.8
39.9
15
0
0
0
0
0.1
25
74.8
22
38.4
14.4
0
0
0
0
0.4
27.9
71.6
21
36.8
13.8
0
0.2
0
0.2
0.8
30.9
67.9
19.9
34.9
13.1
0
0.7
0.1
0.4
1.8
34.4
62.7
18.4
32.2
12.1
0
1.5
0.4
0.9
2.6
36.2
58.3
17.1
30
11.2
0
2.1
0.8
1.5
3
37.2
55.4
16.3
28.5
10.7
0
2.8
1.1
2
3.5
37.3
53.4
15.7
27.4
10.3
0
2.3
0.9
2
3.1
37.8
53.9
15.8
27.7
10.4
0
1.6
0.5
1.6
2.7
39.3
54.3
15.2
28.7
10.4
0
0.6
0.2
1
2.2
40.3
55.6
18.6
26.6
10.4
9.7
0.4
0.2
0.4
3
27.3
59
17.5
31
10.6
100
0
0
0
0
0
0
0
0
0
100
0
0
0
0
0
0
0
0
0
100
0
0
0
0
0
0
0
0
0
0
0
0
0
60
40
0
0
0
0
0
0
0
0
0
39.4
60.6
20.2
36.2
4.2
0
0
0
0
0
14.4
85.6
25.2
47.7
12.7
0
0
0
0
0
15.4
84.6
24.9
44
15.7
0
0
0
0
0
16.7
83.3
24.5
43.3
15.4
0
0
0
0
0
18.1
81.9
24.1
42.6
15.2
0
0
0
0
0
20.2
79.8
23.5
41.5
14.8
0
0
0
0
0
22.7
77.3
22.8
40.2
14.3
0
0
0
0
0
25.1
74.8
22
38.9
13.9
0
0
0
0
0.2
28.3
71.5
21.1
37.2
13.3
0
0
0
0
0.4
31.4
68.2
20.1
35.4
12.7
0
0.2
0
0.2
0.9
34.6
64.2
18.9
33.4
11.9
0
0.6
0.1
0.4
1.8
37.8
59.3
17.4
30.8
11
0
1.3
0.4
0.9
2.7
39.6
55.1
16.2
28.6
10.2
0
1.8
0.8
1.5
3.2
40.8
51.9
15.3
27
9.6
0
2.2
1
1.9
3.7
41.3
50
14.7
26
9.3
0
1.6
0.7
1.7
3.1
41.5
51.5
15.1
26.7
9.6
0
0.9
0.3
1
2.3
40.4
55.1
15.9
28.4
10.8
10
0.3
0.1
0.3
3.1
29.5
56.6
16.8
30.1
9.7
100
0
0
0
0
0
0
0
0
0
100
0
0
0
0
0
0
0
0
0
100
0
0
0
0
0
0
0
0
0
0
0
0
0
60
40
0
0
0
0
0
0
0
0
0
40.3
59.7
19.9
35.8
4
0
0
0
0
0
16
84
24.8
47.3
11.9
0
0
0
0
0
17.3
82.7
24.4
43.6
14.7
0
0
0
0
0
18.9
81.1
23.9
42.8
14.4
0
0
0
0
0
20.4
79.6
23.5
41.9
14.2
0
0
0
0
0
22.8
77.2
22.8
40.7
13.7
0
0
0
0
0
25.3
74.6
22
39.3
13.3
0
0
0
0
0
27.9
72
21.2
38
12.8
0
0
0
0
0.2
31.4
68.4
20.2
36
12.2
0
0
0
0
0.4
34.7
64.8
19.1
34.2
11.5
0
0.2
0
0.1
0.9
38.2
60.6
17.9
31.9
10.8
0
0.6
0.1
0.4
1.8
41.1
56
16.5
29.5
10
0
1.1
0.4
0.9
2.8
42.9
51.8
15.3
27.3
9.2
0
1.4
0.7
1.5
3.4
44.5
48.4
14.3
25.5
8.6
0
1.6
0.8
1.8
3.9
45.6
46.2
13.6
24.4
8.2
0
0.9
0.5
1.4
3.1
46.9
47.2
13.9
24.9
8.4
0
0.4
0.2
0.8
2.4
47.1
49.1
13.9
24.8
10.4
9.4
0.6
0.2
0.4
3
25.1
61.4
18.1
31.9
11.4
100
0
0
0
0
0
0
0
0
0
100
0
0
0
0
0
0
0
0
0
100
0
0
0
0
0
0
0
0
0
0
0
0
0
60
40
0
0
0
0
0
0
0
0
0
38.5
61.5
20.4
36.6
4.4
0
0
0
0
0
12.8
87.2
25.6
48.2
13.4
0
0
0
0
0
13.4
86.6
25.4
44.5
16.7
0
0
0
0
0
14.5
85.5
25.1
43.9
16.5
0
0
0
0
0
15.7
84.3
24.7
43.3
16.2
0
0
0
0
0
17.6
82.4
24.2
42.3
15.9
0
0
0
0
0
19.9
80
23.5
41.1
15.4
0
0
0
0
0
22.2
77.7
22.8
39.9
15
0
0
0
0
0.1
25.1
74.8
22
38.4
14.4
0
0
0
0
0.4
28
71.5
21
36.7
13.8
0
0.2
0
0.2
0.9
30.9
67.8
19.9
34.8
13.1
0
0.7
0.1
0.4
1.8
34.4
62.6
18.4
32.1
12.1
0
1.5
0.4
0.9
2.6
36.2
58.3
17.1
30
11.2
0
2.1
0.8
1.5
3
37.2
55.4
16.3
28.5
10.7
0
2.7
1.1
2
3.5
37.3
53.4
15.7
27.4
10.3
0
2.1
0.8
1.9
3
37.7
54.5
16
28
10.5
0
1
0.4
1.1
2.3
38
57.3
16.6
29.8
10.9
9.4
0.4
0.1
0.3
2.8
26
60.9
18
32
10.9
100
0
0
0
0
0
0
0
0
0
100
0
0
0
0
0
0
0
0
0
100
0
0
0
0
0
0
0
0
0
0
0
0
0
60
40
0
0
0
0
0
0
0
0
0
39
61
20.3
36.5
4.2
0
0
0
0
0
13.4
86.6
25.5
48.3
12.8
0
0
0
0
0
14.4
85.6
25.2
44.5
15.9
0
0
0
0
0
15.4
84.6
24.9
44
15.7
0
0
0
0
0
16.7
83.3
24.5
43.3
15.4
0
0
0
0
0
18.1
81.9
24.1
42.6
15.2
0
0
0
0
0
20.3
79.7
23.5
41.5
14.8
0
0
0
0
0
22.7
77.3
22.7
40.2
14.3
0
0
0
0
0
25.1
74.8
22
38.9
13.9
0
0
0
0
0.2
28.3
71.5
21
37.2
13.3
0
0
0
0
0.4
31.4
68.1
20.1
35.4
12.7
0
0.2
0
0.2
0.9
34.6
64.1
18.9
33.3
11.9
0
0.6
0.1
0.4
1.8
37.8
59.3
17.4
30.8
11
0
1.3
0.4
0.9
2.7
39.6
55.1
16.2
28.6
10.2
0
1.7
0.7
1.5
3.2
40.7
52.2
15.4
27.1
9.7
0
2.1
0.9
1.7
3.5
40.8
51.1
15
26.5
9.5
0
1.3
0.5
1.2
2.6
38.9
55.6
16.2
28.8
10.5
9.8
0.3
0.1
0.3
2.9
28.1
58.6
17.4
31.2
10.1
100
0
0
0
0
0
0
0
0
0
100
0
0
0
0
0
0
0
0
0
100
0
0
0
0
0
0
0
0
0
0
0
0
0
60
40
0
0
0
0
0
0
0
0
0
39.8
60.2
20.1
36.1
4
0
0
0
0
0
14.7
85.3
25.2
48
12.1
0
0
0
0
0
16
84
24.8
44.2
14.9
0
0
0
0
0
17.3
82.7
24.4
43.6
14.7
0
0
0
0
0
18.8
81.2
23.9
42.8
14.4
0
0
0
0
0
20.4
79.6
23.5
41.9
14.2
0
0
0
0
0
22.8
77.2
22.8
40.7
13.7
0
0
0
0
0
25.3
74.6
22
39.3
13.3
0
0
0
0
0
28
72
21.2
37.9
12.8
0
0
0
0
0.2
31.5
68.3
20.2
36
12.2
0
0
0
0
0.4
34.7
64.8
19.1
34.2
11.5
0
0.2
0
0.1
0.9
38.2
60.6
17.9
31.9
10.8
0
0.6
0.1
0.4
1.8
41.1
56
16.5
29.5
10
0
1.1
0.4
0.9
2.8
42.9
51.9
15.3
27.3
9.2
0
1.3
0.7
1.4
3.4
44.4
48.8
14.4
25.7
8.7
0
1.3
0.7
1.5
3.6
45.1
47.9
14.1
25.3
8.5
0
0.6
0.3
0.9
2.6
44.4
51.2
15
26.9
9.3
9.1
0.5
0.2
0.4
2.8
24
63.1
18.6
32.7
11.8
100
0
0
0
0
0
0
0
0
0
100
0
0
0
0
0
0
0
0
0
100
0
0
0
0
0
0
0
0
0
0
0
0
0
60
40
0
0
0
0
0
0
0
0
0
38.1
61.9
20.5
36.9
4.5
0
0
0
0
0
12.2
87.8
25.8
48.5
13.5
0
0
0
0
0
12.8
87.2
25.6
44.8
16.8
0
0
0
0
0
13.4
86.6
25.4
44.4
16.7
0
0
0
0
0
14.5
85.5
25.1
43.9
16.5
0
0
0
0
0
15.8
84.2
24.7
43.2
16.2
0
0
0
0
0
17.7
82.3
24.2
42.3
15.9
0
0
0
0
0
20
80
23.5
41.1
15.4
0
0
0
0
0
22.3
77.7
22.8
39.9
15
0
0
0
0
0.1
25.1
74.7
22
38.4
14.4
0
0
0
0
0.4
28
71.5
21
36.7
13.8
0
0.2
0
0.2
0.9
31
67.8
19.9
34.8
13.1
0
0.7
0.1
0.4
1.8
34.4
62.6
18.4
32.1
12.1
0
1.5
0.4
0.9
2.6
36.2
58.3
17.1
30
11.2
0
2.1
0.8
1.5
3
37.2
55.4
16.3
28.5
10.7
0
2.7
1
1.9
3.5
37.3
53.6
15.7
27.5
10.3
0
1.5
0.6
1.4
2.6
36.6
57.3
16.7
29.6
11
9.2
0.3
0.1
0.2
2.6
24.8
62.6
18.5
32.9
11.3
100
0
0
0
0
0
0
0
0
0
100
0
0
0
0
0
0
0
0
0
100
0
0
0
0
0
0
0
0
0
0
0
0
0
60
40
0
0
0
0
0
0
0
0
0
38.6
61.4
20.4
36.7
4.3
0
0
0
0
0
12.8
87.2
25.7
48.6
12.9
0
0
0
0
0
13.4
86.6
25.5
45
16
0
0
0
0
0
14.4
85.6
25.2
44.5
15.9
0
0
0
0
0
15.4
84.6
24.9
44
15.7
0
0
0
0
0
16.7
83.3
24.5
43.3
15.4
0
0
0
0
0
18.1
81.9
24.1
42.6
15.2
0
0
0
0
0
20.3
79.7
23.5
41.5
14.8
0
0
0
0
0
22.7
77.3
22.7
40.2
14.3
0
0
0
0
0
25.2
74.8
22
38.9
13.9
0
0
0
0
0.2
28.3
71.5
21
37.2
13.3
0
0
0
0
0.4
31.4
68.1
20
35.4
12.6
0
0.2
0
0.2
0.9
34.6
64.1
18.9
33.3
11.9
0
0.6
0.1
0.4
1.8
37.8
59.3
17.5
30.8
11
0
1.3
0.4
0.9
2.7
39.5
55.2
16.2
28.7
10.3
0
1.7
0.7
1.4
3.1
40.5
52.7
15.5
27.4
9.8
0
1.7
0.7
1.3
2.9
38.2
55.2
16.2
28.6
10.4
9.5
0.2
0.1
0.2
2.7
26.8
60.6
18
32.2
10.4
100
0
0
0
0
0
0
0
0
0
100
0
0
0
0
0
0
0
0
0
100
0
0
0
0
0
0
0
0
0
0
0
0
0
60
40
0
0
0
0
0
0
0
0
0
39.4
60.6
20.2
36.3
4.1
0
0
0
0
0
14
86
25.4
48.4
12.2
0
0
0
0
0
14.7
85.3
25.2
45
15.2
0
0
0
0
0
16
84
24.8
44.3
15
0
0
0
0
0
17.2
82.8
24.4
43.6
14.7
0
0
0
0
0
18.8
81.2
23.9
42.8
14.4
0
0
0
0
0
20.4
79.6
23.5
42
14.2
0
0
0
0
0
22.8
77.2
22.8
40.7
13.7
0
0
0
0
0
25.4
74.6
22
39.3
13.3
0
0
0
0
0
28
72
21.2
37.9
12.8
0
0
0
0
0.2
31.5
68.3
20.2
36
12.2
0
0
0
0
0.4
34.7
64.8
19.1
34.2
11.5
0
0.2
0
0.1
0.9
38.2
60.6
17.9
31.9
10.8
0
0.6
0.1
0.4
1.8
41.1
56.1
16.5
29.5
10
0
1.1
0.4
0.9
2.7
42.9
52
15.4
27.4
9.3
0
1.2
0.6
1.3
3.2
44
49.8
14.7
26.2
8.9
0
0.9
0.5
1
2.9
42.5
52.3
15.4
27.6
9.3
8.9
0.4
0.1
0.3
2.6
23
64.7
19.1
33.5
12.1
100
0
0
0
0
0
0
0
0
0
100
0
0
0
0
0
0
0
0
0
100
0
0
0
0
0
0
0
0
0
0
0
0
0
60
40
0
0
0
0
0
0
0
0
0
37.8
62.2
20.6
37.1
4.5
0
0
0
0
0
11.7
88.3
26
48.8
13.6
0
0
0
0
0
12.2
87.8
25.8
45.1
16.9
0
0
0
0
0
12.8
87.2
25.6
44.8
16.8
0
0
0
0
0
13.5
86.5
25.4
44.4
16.7
0
0
0
0
0
14.6
85.4
25.1
43.9
16.5
0
0
0
0
0
15.8
84.2
24.7
43.2
16.2
0
0
0
0
0
17.7
82.3
24.2
42.3
15.9
0
0
0
0
0
20
80
23.5
41.1
15.4
0
0
0
0
0
22.3
77.7
22.8
39.9
15
0
0
0
0
0.1
25.1
74.7
21.9
38.4
14.4
0
0
0
0
0.4
28
71.5
21
36.7
13.8
0
0.2
0
0.2
0.9
31
67.8
19.9
34.8
13.1
0
0.7
0.1
0.4
1.8
34.4
62.6
18.4
32.1
12.1
0
1.5
0.4
0.9
2.6
36.2
58.3
17.1
30
11.2
0
2.1
0.8
1.5
3
37.2
55.5
16.3
28.5
10.7
0
2
0.8
1.5
3
36.3
56.5
16.6
29
10.9
8.9
0.2
0.1
0.2
2.5
23.7
64.4
19
33.8
11.6
100
0
0
0
0
0
0
0
0
0
100
0
0
0
0
0
0
0
0
0
100
0
0
0
0
0
0
0
0
0
0
0
0
0
60
40
0
0
0
0
0
0
0
0
0
38.3
61.7
20.6
36.9
4.3
0
0
0
0
0
12.4
87.6
25.8
48.8
13
0
0
0
0
0
12.8
87.2
25.7
45.3
16.2
0
0
0
0
0
13.4
86.6
25.5
45
16
0
0
0
0
0
14.4
85.6
25.2
44.5
15.9
0
0
0
0
0
15.4
84.6
24.9
44
15.7
0
0
0
0
0
16.7
83.3
24.5
43.3
15.4
0
0
0
0
0
18.1
81.9
24.1
42.6
15.2
0
0
0
0
0
20.3
79.7
23.5
41.5
14.8
0
0
0
0
0
22.7
77.3
22.7
40.2
14.3
0
0
0
0
0
25.2
74.8
22
38.9
13.9
0
0
0
0
0.2
28.4
71.5
21
37.2
13.3
0
0
0
0
0.4
31.4
68.1
20
35.4
12.6
0
0.2
0
0.2
0.9
34.6
64.1
18.9
33.3
11.9
0
0.6
0.1
0.4
1.8
37.8
59.3
17.5
30.8
11
0
1.3
0.4
0.9
2.7
39.4
55.4
16.3
28.8
10.3
0
1.5
0.6
1.2
2.8
38
55.9
16.4
29
10.5
9.3
0.1
0.1
0.1
2.5
25.5
62.5
18.5
33.2
10.8
100
0
0
0
0
0
0
0
0
0
100
0
0
0
0
0
0
0
0
0
100
0
0
0
0
0
0
0
0
0
0
0
0
0
60
40
0
0
0
0
0
0
0
0
0
38.9
61.1
20.4
36.6
4.1
0
0
0
0
0
13.5
86.5
25.5
48.7
12.3
0
0
0
0
0
14
86
25.4
45.3
15.3
0
0
0
0
0
14.7
85.3
25.2
45
15.2
0
0
0
0
0
16
84
24.8
44.3
15
0
0
0
0
0
17.2
82.8
24.4
43.6
14.7
0
0
0
0
0
18.8
81.2
23.9
42.8
14.5
0
0
0
0
0
20.4
79.6
23.5
42
14.2
0
0
0
0
0
22.8
77.2
22.8
40.7
13.7
0
0
0
0
0
25.4
74.6
22
39.3
13.3
0
0
0
0
0
28
72
21.2
37.9
12.8
0
0
0
0
0.2
31.5
68.3
20.2
36
12.2
0
0
0
0
0.4
34.7
64.8
19.1
34.2
11.5
0
0.2
0
0.1
0.9
38.2
60.6
17.9
31.9
10.8
0
0.6
0.1
0.4
1.8
41
56.1
16.5
29.6
10
0
1
0.4
0.8
2.7
42.7
52.4
15.4
27.6
9.3
0
0.9
0.4
0.9
2.6
41.4
53.8
15.9
28.4
9.6
8.6
0.3
0.1
0.2
2.5
22
66.3
19.5
34.3
12.4
100
0
0
0
0
0
0
0
0
0
100
0
0
0
0
0
0
0
0
0
100
0
0
0
0
0
0
0
0
0
0
0
0
0
60
40
0
0
0
0
0
0
0
0
0
37.6
62.4
20.7
37.2
4.5
0
0
0
0
0
11.3
88.7
26.1
49
13.7
0
0
0
0
0
11.7
88.3
25.9
45.4
17
0
0
0
0
0
12.2
87.8
25.8
45.1
16.9
0
0
0
0
0
12.8
87.2
25.6
44.8
16.8
0
0
0
0
0
13.5
86.5
25.4
44.4
16.7
0
0
0
0
0
14.6
85.4
25.1
43.9
16.5
0
0
0
0
0
15.8
84.2
24.7
43.2
16.2
0
0
0
0
0
17.7
82.3
24.2
42.3
15.9
0
0
0
0
0
20
80
23.5
41.1
15.4
0
0
0
0
0
22.3
77.7
22.8
39.9
15
0
0
0
0
0.1
25.2
74.7
21.9
38.4
14.4
0
0
0
0
0.4
28
71.5
21
36.7
13.8
0
0.2
0
0.2
0.9
31
67.8
19.9
34.8
13.1
0
0.7
0.1
0.4
1.8
34.4
62.6
18.4
32.1
12.1
0
1.5
0.4
0.9
2.6
36.2
58.3
17.1
30
11.2
0
1.9
0.7
1.4
2.8
36.2
57
16.7
29.3
11
8.7
0.2
0
0.1
2.3
22.5
66.2
19.6
34.7
11.9
100
0
0
0
0
0
0
0
0
0
100
0
0
0
0
0
0
0
0
0
100
0
0
0
0
0
0
0
0
0
0
0
0
0
60
40
0
0
0
0
0
0
0
0
0
38
62
20.7
37.1
4.3
0
0
0
0
0
11.8
88.2
26
49.2
13
0
0
0
0
0
12.4
87.6
25.8
45.6
16.2
0
0
0
0
0
12.9
87.1
25.7
45.3
16.2
0
0
0
0
0
13.4
86.6
25.5
45
16
0
0
0
0
0
14.4
85.6
25.2
44.5
15.9
0
0
0
0
0
15.4
84.6
24.9
44
15.7
0
0
0
0
0
16.7
83.3
24.5
43.3
15.4
0
0
0
0
0
18.1
81.9
24.1
42.6
15.2
0
0
0
0
0
20.3
79.7
23.5
41.5
14.8
0
0
0
0
0
22.7
77.3
22.7
40.2
14.3
0
0
0
0
0
25.2
74.8
22
38.9
13.9
0
0
0
0
0.2
28.4
71.5
21
37.2
13.3
0
0
0
0
0.4
31.4
68.1
20
35.4
12.6
0
0.2
0
0.2
0.9
34.6
64.1
18.9
33.3
11.9
0
0.6
0.1
0.4
1.8
37.7
59.3
17.5
30.9
11
0
1.2
0.4
0.8
2.4
37.5
57.7
17
29.9
10.8
9
0.1
0
0.1
2.3
24.2
64.3
19.1
34.2
11.1
100
0
0
0
0
0
0
0
0
0
100
0
0
0
0
0
0
0
0
0
100
0
0
0
0
0
0
0
0
0
0
0
0
0
60
40
0
0
0
0
0
0
0
0
0
38.5
61.5
20.5
36.8
4.1
0
0
0
0
0
12.7
87.3
25.7
49.1
12.4
0
0
0
0
0
13.5
86.5
25.5
45.6
15.4
0
0
0
0
0
14
86
25.4
45.3
15.3
0
0
0
0
0
14.7
85.3
25.2
45
15.2
0
0
0
0
0
16
84
24.8
44.3
15
0
0
0
0
0
17.2
82.8
24.4
43.6
14.7
0
0
0
0
0
18.8
81.2
24
42.8
14.5
0
0
0
0
0
20.4
79.6
23.5
42
14.2
0
0
0
0
0
22.8
77.2
22.8
40.7
13.7
0
0
0
0
0
25.4
74.6
22
39.3
13.3
0
0
0
0
0
28
72
21.2
37.9
12.8
0
0
0
0
0.2
31.5
68.3
20.2
36
12.2
0
0
0
0
0.4
34.7
64.8
19.1
34.2
11.5
0
0.2
0
0.1
0.9
38.2
60.6
17.9
31.9
10.8
0
0.6
0.1
0.4
1.8
41
56.1
16.6
29.6
10
0
0.8
0.3
0.7
2.2
40.4
55.6
16.4
29.3
9.9
8.4
0.2
0.1
0.1
2.3
20.8
68.1
20.1
35.2
12.8
100
0
0
0
0
0
0
0
0
0
100
0
0
0
0
0
0
0
0
0
100
0
0
0
0
0
0
0
0
0
0
0
0
0
60
40
0
0
0
0
0
0
0
0
0
37.4
62.6
20.8
37.3
4.5
0
0
0
0
0
10.9
89.1
26.2
49.2
13.7
0
0
0
0
0
11.3
88.7
26.1
45.6
17.1
0
0
0
0
0
11.7
88.3
25.9
45.3
17
0
0
0
0
0
12.2
87.8
25.8
45.1
16.9
0
0
0
0
0
12.8
87.2
25.6
44.8
16.8
0
0
0
0
0
13.5
86.5
25.4
44.4
16.7
0
0
0
0
0
14.6
85.4
25.1
43.9
16.5
0
0
0
0
0
15.8
84.2
24.7
43.2
16.2
0
0
0
0
0
17.7
82.3
24.2
42.2
15.9
0
0
0
0
0
20
80
23.5
41.1
15.4
0
0
0
0
0
22.3
77.7
22.8
39.9
15
0
0
0
0
0.1
25.2
74.7
21.9
38.4
14.4
0
0
0
0
0.4
28
71.5
21
36.7
13.8
0
0.2
0
0.2
0.9
31
67.8
19.9
34.8
13.1
0
0.7
0.1
0.4
1.8
34.4
62.6
18.4
32.1
12.1
0
1.5
0.5
0.9
2.5
35.6
59
17.3
30.3
11.4
