548
29.1
29.1
29.1
29.3
29.8
29.4
29.4
29.4
29.5
29.5
29.4
29.3
29.3
29.3
29.3
29.3
29.3
29.3
29.3
29.4
29.4
29.5
29.5
29.6
29.6
29.7
29.8
29.9
29.9
30
