64
43.8
54.1
1.7
0.2
0.1
0
0
100
0
0
0
0
0
0
100
0
0
0
0
0
0
100
0
0
0
0
0
0
0
93.7
5.1
1.1
0
0
0
0
94.9
4.2
0.2
0.6
0
0
0
95.9
3.6
0.2
0.2
0.1
0
0
96.7
3
0.2
0.1
0
0.1
0
97.3
2.5
0.1
0.1
0
0
0
97.8
2.1
0.1
0
0
0
0
98.2
1.7
0.1
0
0
0
0
98.5
1.4
0.1
0
0
0
0
98.8
1.1
0
0
0
0
0
99.1
0.9
0
0
0
0
0
99.2
0.7
0
0
0
0
0
99.4
0.6
0
0
0
0
0
99.5
0.5
0
0
0
0
0
99.6
0.4
0
0
0
0
0
99.7
0.3
0
0
0
0
0
99.8
0.2
0
0
0
0
0
99.8
0.2
0
0
0
0
0
99.9
0.1
0
0
0
0
43.9
52.6
3.1
0.3
0.2
0
0
100
0
0
0
0
0
0
100
0
0
0
0
0
0
100
0
0
0
0
0
0
0
89.3
8.8
1.8
0.1
0
0
0
91.3
7.4
0.3
1
0
0
0
92.8
6.2
0.3
0.4
0.2
0
0
94.1
5.3
0.3
0.2
0
0.1
0
95.2
4.4
0.3
0.1
0
0
0
96
3.7
0.2
0.1
0
0
0
96.8
3
0.2
0
0
0
0
97.3
2.5
0.1
0
0
0
0
97.8
2.1
0.1
0
0
0
0
98.2
1.7
0.1
0
0
0
0
98.6
1.4
0
0
0
0
0
98.8
1.1
0
0
0
0
0
99.1
0.9
0
0
0
0
0
99.2
0.7
0
0
0
0
0
99.4
0.6
0
0
0
0
0
99.5
0.5
0
0
0
0
0
99.6
0.4
0
0
0
0
0
99.7
0.3
0
0
0
0
43.8
55.7
0.4
0
0
0
0
100
0
0
0
0
0
0
100
0
0
0
0
0
0
100
0
0
0
0
0
0
0
98.5
1.2
0.3
0
0
0
0
98.9
0.9
0
0.2
0
0
0
99.1
0.7
0
0
0.1
0
0
99.3
0.6
0
0
0
0
0
99.5
0.4
0
0
0
0
0
99.6
0.4
0
0
0
0
0
99.7
0.3
0
0
0
0
0
99.8
0.2
0
0
0
0
0
99.8
0.2
0
0
0
0
0
99.9
0.1
0
0
0
0
0
99.9
0.1
0
0
0
0
0
99.9
0.1
0
0
0
0
0
99.9
0.1
0
0
0
0
0
100
0
0
0
0
0
0
100
0
0
0
0
0
0
100
0
0
0
0
0
0
100
0
0
0
0
0
0
100
0
0
0
0
0
41.9
55.5
2.1
0.3
0.2
0
0
100
0
0
0
0
0
0
100
0
0
0
0
0
0
100
0
0
0
0
0
0
0
92.6
5.4
1.9
0.1
0
0
0
93.7
5.1
0.2
1
0
0
0
95
4.2
0.2
0.4
0.3
0
0
95.9
3.5
0.2
0.2
0
0.1
0
96.7
3
0.2
0.1
0
0.1
0
97.3
2.5
0.1
0.1
0
0
0
97.8
2
0.1
0
0
0
0
98.2
1.7
0.1
0
0
0
0
98.6
1.4
0.1
0
0
0
0
98.8
1.1
0
0
0
0
0
99.1
0.9
0
0
0
0
0
99.3
0.7
0
0
0
0
0
99.4
0.6
0
0
0
0
0
99.5
0.5
0
0
0
0
0
99.6
0.4
0
0
0
0
0
99.7
0.3
0
0
0
0
0
99.8
0.2
0
0
0
0
0
99.8
0.2
0
0
0
0
41.9
53.7
3.7
0.4
0.3
0
0
100
0
0
0
0
0
0
100
0
0
0
0
0
0
100
0
0
0
0
0
0
0
87.4
9.5
2.9
0.2
0
0
0
89.3
8.8
0.3
1.6
0
0
0
91.3
7.4
0.3
0.6
0.4
0
0
92.8
6.2
0.3
0.4
0
0.2
0
94.1
5.3
0.3
0.2
0
0.1
0
95.2
4.4
0.3
0.1
0
0
0
96
3.7
0.2
0.1
0
0
0
96.8
3
0.2
0
0
0
0
97.3
2.5
0.1
0
0
0
0
97.8
2.1
0.1
0
0
0
0
98.2
1.7
0.1
0
0
0
0
98.6
1.4
0
0
0
0
0
98.8
1.1
0
0
0
0
0
99.1
0.9
0
0
0
0
0
99.2
0.7
0
0
0
0
0
99.4
0.6
0
0
0
0
0
99.5
0.5
0
0
0
0
0
99.6
0.4
0
0
0
0
41.9
57.5
0.4
0.1
0
0
0
100
0
0
0
0
0
0
100
0
0
0
0
0
0
100
0
0
0
0
0
0
0
98.2
1.1
0.7
0
0
0
0
98.5
1.2
0
0.3
0
0
0
98.9
0.9
0
0.1
0.1
0
0
99.1
0.7
0
0
0
0.1
0
99.3
0.6
0
0
0
0
0
99.5
0.4
0
0
0
0
0
99.6
0.4
0
0
0
0
0
99.7
0.3
0
0
0
0
0
99.8
0.2
0
0
0
0
0
99.8
0.2
0
0
0
0
0
99.9
0.1
0
0
0
0
0
99.9
0.1
0
0
0
0
0
99.9
0.1
0
0
0
0
0
99.9
0.1
0
0
0
0
0
100
0
0
0
0
0
0
100
0
0
0
0
0
0
100
0
0
0
0
0
0
100
0
0
0
0
0
41.7
55.1
2.5
0.3
0.3
0
0
100
0
0
0
0
0
0
100
0
0
0
0
0
0
100
0
0
0
0
0
0
0
90.7
6.9
2.3
0.2
0
0
0
92.6
5.4
0.2
1.8
0
0
0
93.7
5.1
0.2
0.6
0.4
0
0
95
4.2
0.2
0.4
0.1
0.2
0
95.9
3.6
0.2
0.2
0
0.1
0
96.7
3
0.2
0.1
0
0.1
0
97.3
2.5
0.1
0.1
0
0
0
97.8
2
0.1
0
0
0
0
98.2
1.7
0.1
0
0
0
0
98.6
1.4
0.1
0
0
0
0
98.9
1.1
0
0
0
0
0
99.1
0.9
0
0
0
0
0
99.3
0.7
0
0
0
0
0
99.4
0.6
0
0
0
0
0
99.5
0.4
0
0
0
0
0
99.7
0.3
0
0
0
0
0
99.8
0.2
0
0
0
0
0
99.8
0.2
0
0
0
0
41.6
53
4.4
0.5
0.5
0.1
0
100
0
0
0
0
0
0
100
0
0
0
0
0
0
100
0
0
0
0
0
0
0
84.3
11.6
3.7
0.3
0
0
0
87.4
9.5
0.3
2.9
0
0
0
89.3
8.8
0.3
1
0.6
0
0
91.3
7.4
0.3
0.6
0.1
0.3
0
92.8
6.2
0.3
0.4
0
0.2
0
94.1
5.3
0.3
0.2
0
0.1
0
95.2
4.4
0.3
0.1
0
0
0
96
3.7
0.2
0.1
0
0
0
96.8
3.1
0.2
0
0
0
0
97.3
2.5
0.1
0
0
0
0
97.8
2.1
0.1
0
0
0
0
98.2
1.7
0.1
0
0
0
0
98.6
1.4
0
0
0
0
0
98.8
1.1
0
0
0
0
0
99.1
0.9
0
0
0
0
0
99.2
0.7
0
0
0
0
0
99.4
0.6
0
0
0
0
0
99.5
0.5
0
0
0
0
41.9
57.3
0.5
0.1
0.1
0
0
100
0
0
0
0
0
0
100
0
0
0
0
0
0
100
0
0
0
0
0
0
0
97.4
1.8
0.8
0
0
0
0
98.2
1.1
0.1
0.6
0
0
0
98.5
1.2
0
0.1
0.2
0
0
98.9
0.9
0
0.1
0
0.1
0
99.1
0.7
0
0
0
0.1
0
99.3
0.6
0
0
0
0
0
99.5
0.4
0
0
0
0
0
99.6
0.4
0
0
0
0
0
99.7
0.3
0
0
0
0
0
99.8
0.2
0
0
0
0
0
99.8
0.2
0
0
0
0
0
99.9
0.1
0
0
0
0
0
99.9
0.1
0
0
0
0
0
99.9
0.1
0
0
0
0
0
99.9
0.1
0
0
0
0
0
100
0
0
0
0
0
0
100
0
0
0
0
0
0
100
0
0
0
0
0
41.9
53.9
3.1
0.5
0.4
0.1
0
100
0
0
0
0
0
0
100
0
0
0
0
0
0
100
0
0
0
0
0
0
0
85.7
9.5
4.3
0.4
0.1
0
0
90.6
6.9
0.2
2.3
0
0
0
92.6
5.5
0.2
0.9
0.9
0
0
93.7
5.1
0.2
0.6
0.1
0.3
0
95
4.2
0.2
0.4
0.1
0.2
0
95.9
3.5
0.2
0.2
0
0.1
0
96.7
2.9
0.2
0.1
0
0.1
0
97.3
2.4
0.1
0.1
0
0
0
97.8
2
0.1
0
0
0
0
98.2
1.6
0.1
0
0
0
0
98.6
1.3
0.1
0
0
0
0
98.9
1.1
0
0
0
0
0
99.1
0.9
0
0
0
0
0
99.3
0.7
0
0
0
0
0
99.4
0.5
0
0
0
0
0
99.6
0.4
0
0
0
0
0
99.6
0.4
0
0
0
0
0
99.7
0.3
0
0
0
0
41.6
51.2
5.4
0.9
0.7
0.1
0.1
100
0
0
0
0
0
0
100
0
0
0
0
0
0
100
0
0
0
0
0
0
0
75.6
16.3
7.2
0.8
0.1
0
0
84.3
11.6
0.3
3.7
0
0
0
87.4
9.5
0.3
1.4
1.4
0
0
89.3
8.8
0.3
1
0.2
0.5
0
91.3
7.4
0.3
0.6
0.1
0.3
0
92.8
6.3
0.3
0.4
0
0.2
0
94.1
5.3
0.3
0.2
0
0.1
0
95.2
4.4
0.3
0.1
0
0
0
96
3.7
0.2
0.1
0
0
0
96.8
3.1
0.2
0
0
0
0
97.3
2.5
0.1
0
0
0
0
97.8
2.1
0.1
0
0
0
0
98.2
1.7
0.1
0
0
0
0
98.6
1.4
0
0
0
0
0
98.8
1.1
0
0
0
0
0
99.1
0.9
0
0
0
0
0
99.2
0.7
0
0
0
0
0
99.4
0.6
0
0
0
0
42.3
56.7
0.7
0.1
0.1
0
0
100
0
0
0
0
0
0
100
0
0
0
0
0
0
100
0
0
0
0
0
0
0
96.4
2.3
1.2
0.1
0
0
0
97.4
1.8
0.1
0.8
0
0
0
98.2
1.1
0.1
0.3
0.3
0
0
98.5
1.2
0
0.1
0
0.1
0
98.9
0.9
0
0.1
0
0.1
0
99.1
0.7
0
0
0
0.1
0
99.3
0.6
0
0
0
0
0
99.5
0.4
0
0
0
0
0
99.6
0.4
0
0
0
0
0
99.7
0.3
0
0
0
0
0
99.8
0.2
0
0
0
0
0
99.8
0.2
0
0
0
0
0
99.9
0.1
0
0
0
0
0
99.9
0.1
0
0
0
0
0
99.9
0.1
0
0
0
0
0
99.9
0.1
0
0
0
0
0
100
0
0
0
0
0
0
100
0
0
0
0
0
43.3
51.3
3.7
0.7
0.7
0.1
0.1
100
0
0
0
0
0
0
100
0
0
0
0
0
0
100
0
0
0
0
0
0
0
79.4
12.5
7
0.8
0.2
0
0
85.7
9.5
0.2
4.6
0
0
0
90.6
6.9
0.2
1.2
1.1
0
0
92.6
5.5
0.2
0.9
0.2
0.7
0
93.7
5.1
0.2
0.6
0.1
0.3
0
94.9
4.2
0.2
0.4
0.1
0.2
0
95.9
3.5
0.2
0.2
0
0.1
0
96.7
2.9
0.2
0.1
0
0.1
0
97.3
2.4
0.1
0.1
0
0
0
97.8
2
0.1
0
0
0
0
98.2
1.6
0.1
0
0
0
0
98.6
1.3
0.1
0
0
0
0
98.9
1.1
0
0
0
0
0
99.1
0.9
0
0
0
0
0
99.3
0.7
0
0
0
0
0
99.5
0.5
0
0
0
0
0
99.5
0.5
0
0
0
0
0
99.6
0.4
0
0
0
0
43
47.8
6.5
1.2
1.2
0.2
0.1
100
0
0
0
0
0
0
100
0
0
0
0
0
0
100
0
0
0
0
0
0
0
65.4
21.1
11.6
1.5
0.4
0
0
75.6
16.3
0.2
7.8
0.1
0.1
0
84.3
11.6
0.3
2
1.8
0
0
87.4
9.5
0.3
1.5
0.5
1
0
89.2
8.8
0.3
1
0.2
0.5
0
91.2
7.4
0.3
0.6
0.1
0.3
0
92.8
6.3
0.3
0.4
0
0.2
0
94.1
5.3
0.3
0.2
0
0.1
0
95.2
4.4
0.3
0.1
0
0
0
96
3.7
0.2
0.1
0
0
0
96.7
3.1
0.2
0
0
0
0
97.3
2.5
0.1
0
0
0
0
97.8
2.1
0.1
0
0
0
0
98.2
1.7
0.1
0
0
0
0
98.6
1.4
0
0
0
0
0
98.8
1.1
0
0
0
0
0
99.1
0.9
0
0
0
0
0
99.2
0.7
0
0
0
0
43.7
54.9
0.9
0.2
0.2
0
0
100
0
0
0
0
0
0
100
0
0
0
0
0
0
100
0
0
0
0
0
0
0
93.7
3.8
2.3
0.2
0
0
0
96.4
2.3
0.1
1.2
0
0
0
97.4
1.8
0.1
0.4
0.4
0
0
98.2
1.1
0.1
0.3
0
0.3
0
98.5
1.2
0
0.1
0
0.1
0
98.9
0.9
0
0.1
0
0.1
0
99.1
0.7
0
0
0
0.1
0
99.3
0.6
0
0
0
0
0
99.5
0.4
0
0
0
0
0
99.6
0.4
0
0
0
0
0
99.7
0.3
0
0
0
0
0
99.8
0.2
0
0
0
0
0
99.8
0.2
0
0
0
0
0
99.9
0.1
0
0
0
0
0
99.9
0.1
0
0
0
0
0
99.9
0.1
0
0
0
0
0
99.9
0.1
0
0
0
0
0
100
0
0
0
0
0
43.1
49.9
4.6
0.9
1.2
0.3
0.1
100
0
0
0
0
0
0
100
0
0
0
0
0
0
100
0
0
0
0
0
0
0
76.7
12.9
8.4
1.5
0.6
0
0
78.9
12.8
0.3
7.8
0.1
0.1
0
85.2
9.9
0.2
2.7
2.1
0
0
90.3
7.1
0.2
1.3
0.3
0.8
0
92.3
5.6
0.2
0.9
0.3
0.7
0
93.6
5.2
0.2
0.6
0.1
0.3
0
94.9
4.3
0.2
0.4
0.1
0.2
0
95.9
3.6
0.2
0.2
0
0.1
0
96.6
3
0.2
0.1
0
0.1
0
97.3
2.5
0.1
0.1
0
0
0
97.8
2
0.1
0
0
0
0
98.2
1.7
0.1
0
0
0
0
98.6
1.4
0.1
0
0
0
0
98.8
1.1
0
0
0
0
0
99.1
0.9
0
0
0
0
0
99.3
0.6
0
0
0
0
0
99.6
0.4
0
0
0
0
0
99.7
0.3
0
0
0
0
42
46.3
7.7
1.3
2
0.5
0.2
100
0
0
0
0
0
0
100
0
0
0
0
0
0
100
0
0
0
0
0
0
0
62.4
20.9
13.1
2.5
1.1
0
0
65.4
21.1
0.4
12.7
0.2
0.2
0
75.5
16.3
0.2
4.5
3.4
0.1
0
84.3
11.6
0.3
2
0.5
1.3
0
87.3
9.5
0.3
1.5
0.5
1
0
89.2
8.8
0.3
1
0.2
0.5
0
91.2
7.4
0.3
0.6
0.1
0.3
0
92.8
6.3
0.3
0.4
0
0.2
0
94.1
5.3
0.3
0.2
0
0.1
0
95.2
4.4
0.3
0.1
0
0
0
96
3.7
0.2
0.1
0
0
0
96.7
3.1
0.2
0
0
0
0
97.3
2.5
0.1
0
0
0
0
97.8
2.1
0.1
0
0
0
0
98.2
1.7
0.1
0
0
0
0
98.6
1.4
0
0
0
0
0
98.8
1.1
0
0
0
0
0
99.1
0.9
0
0
0
0
44.2
53.8
1.2
0.4
0.3
0.1
0.1
100
0
0
0
0
0
0
100
0
0
0
0
0
0
100
0
0
0
0
0
0
0
91.5
4.6
3.4
0.4
0.1
0
0
93.7
3.8
0.2
2.3
0
0
0
96.4
2.3
0.1
0.6
0.6
0
0
97.4
1.8
0.1
0.4
0.1
0.3
0
98.2
1.1
0.1
0.3
0
0.3
0
98.5
1.2
0
0.1
0
0.1
0
98.9
0.9
0
0.1
0
0.1
0
99.1
0.7
0
0
0
0.1
0
99.3
0.6
0
0
0
0
0
99.5
0.4
0
0
0
0
0
99.6
0.4
0
0
0
0
0
99.7
0.3
0
0
0
0
0
99.8
0.2
0
0
0
0
0
99.8
0.2
0
0
0
0
0
99.9
0.1
0
0
0
0
0
99.9
0.1
0
0
0
0
0
99.9
0.1
0
0
0
0
0
99.9
0.1
0
0
0
0
43.2
48
5.3
1
1.7
0.5
0.3
100
0
0
0
0
0
0
100
0
0
0
0
0
0
100
0
0
0
0
0
0
0
72
14
10.1
2.5
1.4
0
0
76.3
13.1
0.3
9.7
0.2
0.3
0
78.4
13.1
0.3
4.4
3.7
0.1
0
84.9
10.1
0.2
2.7
0.5
1.7
0
90.1
7.2
0.2
1.3
0.3
0.8
0
92.2
5.7
0.2
0.9
0.3
0.7
0
93.5
5.3
0.2
0.6
0.1
0.3
0
94.8
4.3
0.2
0.4
0.1
0.2
0
95.8
3.6
0.2
0.2
0
0.1
0
96.6
3
0.2
0.1
0
0.1
0
97.2
2.5
0.1
0.1
0
0
0
97.8
2.1
0.1
0
0
0
0
98.2
1.7
0.1
0
0
0
0
98.6
1.4
0.1
0
0
0
0
98.9
1.1
0
0
0
0
0
99.2
0.8
0
0
0
0
0
99.4
0.5
0
0
0
0
0
99.6
0.4
0
0
0
0
41.8
43.9
8.8
1.5
2.8
0.8
0.4
100
0
0
0
0
0
0
100
0
0
0
0
0
0
100
0
0
0
0
0
0
0
56.3
22.3
14.8
4.1
2.5
0
0
62.4
20.9
0.5
15.2
0.4
0.6
0
65.3
21.1
0.4
7
5.9
0.2
0
75.5
16.3
0.2
4.5
0.7
2.8
0
84.3
11.6
0.3
2
0.5
1.3
0
87.3
9.5
0.3
1.5
0.5
1
0
89.2
8.8
0.3
1
0.2
0.5
0
91.2
7.4
0.3
0.6
0.1
0.3
0
92.8
6.3
0.3
0.4
0
0.2
0
94.1
5.3
0.3
0.2
0
0.1
0
95.1
4.4
0.3
0.1
0
0
0
96
3.7
0.2
0.1
0
0
0
96.7
3.1
0.2
0
0
0
0
97.3
2.5
0.1
0
0
0
0
97.8
2.1
0.1
0
0
0
0
98.2
1.7
0.1
0
0
0
0
98.6
1.4
0
0
0
0
0
98.8
1.1
0
0
0
0
44.6
52.5
1.6
0.5
0.6
0.1
0.1
100
0
0
0
0
0
0
100
0
0
0
0
0
0
100
0
0
0
0
0
0
0
88.3
5.5
5.1
0.9
0.2
0
0
91.5
4.6
0.2
3.7
0
0
0
93.7
3.8
0.2
1.3
1.1
0
0
96.4
2.3
0.1
0.6
0.2
0.5
0
97.4
1.8
0.1
0.4
0.1
0.3
0
98.2
1.1
0.1
0.3
0
0.3
0
98.5
1.2
0
0.1
0
0.1
0
98.9
0.9
0
0.1
0
0.1
0
99.1
0.7
0
0
0
0.1
0
99.3
0.6
0
0
0
0
0
99.5
0.5
0
0
0
0
0
99.6
0.4
0
0
0
0
0
99.7
0.3
0
0
0
0
0
99.8
0.2
0
0
0
0
0
99.8
0.2
0
0
0
0
0
99.9
0.1
0
0
0
0
0
99.9
0.1
0
0
0
0
0
99.9
0.1
0
0
0
0
43.8
45.1
6.3
1.2
2.4
0.7
0.5
100
0
0
0
0
0
0
100
0
0
0
0
0
0
100
0
0
0
0
0
0
0
62.4
18.6
11.8
5
2.2
0
0
71.9
14.1
0.5
12.2
0.6
0.8
0
76.1
13.2
0.3
5.7
4.4
0.4
0
78.2
13.2
0.3
4.4
0.9
3
0
84.8
10.1
0.2
2.7
0.5
1.7
0
90.1
7.2
0.2
1.3
0.3
0.8
0
92.2
5.7
0.2
0.9
0.3
0.7
0
93.5
5.3
0.2
0.6
0.1
0.3
0
94.8
4.4
0.2
0.4
0.1
0.2
0
95.8
3.6
0.2
0.2
0
0.1
0
96.6
3
0.2
0.1
0
0.1
0
97.2
2.5
0.1
0.1
0
0
0
97.8
2.1
0.1
0
0
0
0
98.2
1.7
0.1
0
0
0
0
98.6
1.3
0.1
0
0
0
0
98.9
1
0
0
0
0
0
99.2
0.7
0
0
0
0
0
99.5
0.4
0
0
0
0
42.6
40.1
9.9
1.7
3.8
1.1
0.8
100
0
0
0
0
0
0
100
0
0
0
0
0
0
100
0
0
0
0
0
0
0
45.5
26.8
16.2
7.9
3.6
0
0
56.2
22.3
0.5
18.5
1
1.4
0
62.3
20.9
0.5
8.9
6.8
0.6
0
65.2
21.1
0.4
7.1
1.4
4.8
0
75.4
16.3
0.2
4.5
0.7
2.8
0
84.2
11.7
0.3
2
0.5
1.3
0
87.3
9.5
0.3
1.5
0.5
1
0
89.2
8.8
0.3
1
0.2
0.5
0
91.2
7.4
0.3
0.7
0.1
0.3
0
92.8
6.3
0.3
0.4
0
0.2
0
94.1
5.3
0.3
0.2
0
0.1
0
95.1
4.4
0.3
0.1
0
0
0
96
3.7
0.2
0.1
0
0
0
96.7
3.1
0.2
0
0
0
0
97.3
2.5
0.1
0
0
0
0
97.8
2.1
0.1
0
0
0
0
98.2
1.7
0.1
0
0
0
0
98.6
1.4
0
0
0
0
45.1
50.5
2.3
0.8
0.9
0.2
0.1
100
0
0
0
0
0
0
100
0
0
0
0
0
0
100
0
0
0
0
0
0
0
79.7
10.3
7.3
2
0.7
0
0
88.3
5.5
0.4
5.6
0.1
0.1
0
91.5
4.6
0.2
2
1.7
0
0
93.7
3.8
0.2
1.3
0.2
0.8
0
96.4
2.3
0.1
0.6
0.2
0.5
0
97.4
1.8
0.1
0.4
0.1
0.3
0
98.2
1.1
0.1
0.3
0
0.3
0
98.5
1.2
0
0.1
0
0.2
0
98.9
0.9
0
0.1
0
0.1
0
99.1
0.7
0
0
0
0.1
0
99.3
0.6
0
0
0
0
0
99.5
0.5
0
0
0
0
0
99.6
0.4
0
0
0
0
0
99.7
0.3
0
0
0
0
0
99.8
0.2
0
0
0
0
0
99.8
0.2
0
0
0
0
0
99.9
0.1
0
0
0
0
0
99.9
0.1
0
0
0
0
43.8
42.4
7.4
1.3
3.4
0.9
0.7
100
0
0
0
0
0
0
100
0
0
0
0
0
0
100
0
0
0
0
0
0
0
56.8
21.4
10.9
7.8
3.2
0
0
62.3
18.7
0.6
15.8
1
1.5
0
71.7
14.1
0.5
7.7
5.2
0.8
0
76
13.2
0.3
5.7
1
3.7
0
78.1
13.2
0.3
4.5
0.9
3
0
84.7
10.1
0.2
2.8
0.5
1.8
0
90.1
7.3
0.2
1.3
0.3
0.9
0
92.2
5.7
0.2
0.9
0.3
0.7
0
93.4
5.3
0.2
0.6
0.1
0.3
0
94.8
4.4
0.2
0.4
0.1
0.2
0
95.7
3.7
0.2
0.2
0
0.1
0
96.6
3.1
0.2
0.1
0
0.1
0
97.2
2.5
0.1
0.1
0
0
0
97.8
2.1
0.1
0
0
0
0
98.2
1.6
0.1
0
0
0
0
98.6
1.3
0.1
0
0
0
0
99
1
0
0
0
0
0
99.1
0.9
0
0
0
0
42.8
36.7
11.2
1.6
5.1
1.3
1.2
100
0
0
0
0
0
0
100
0
0
0
0
0
0
100
0
0
0
0
0
0
0
41.4
28.3
14.1
12
4.2
0
0
45.5
26.8
0.8
22.6
1.6
2.7
0
56.1
22.3
0.5
11.6
8.1
1.5
0
62.2
20.9
0.5
8.9
1.6
5.9
0
65.2
21.1
0.4
7.1
1.4
4.8
0
75.4
16.4
0.2
4.5
0.7
2.8
0
84.2
11.7
0.3
2.1
0.5
1.3
0
87.2
9.5
0.3
1.5
0.5
1
0
89.1
8.9
0.3
1
0.2
0.5
0
91.2
7.4
0.3
0.7
0.1
0.3
0
92.7
6.3
0.3
0.4
0
0.2
0
94
5.3
0.3
0.2
0
0.1
0
95.1
4.5
0.3
0.1
0
0
0
96
3.7
0.2
0.1
0
0
0
96.7
3.1
0.2
0
0
0
0
97.3
2.5
0.1
0
0
0
0
97.8
2.1
0.1
0
0
0
0
98.2
1.7
0.1
0
0
0
44.9
48.5
3.5
0.9
1.6
0.5
0.2
100
0
0
0
0
0
0
100
0
0
0
0
0
0
100
0
0
0
0
0
0
0
72.5
14.3
7.6
3.5
2.1
0
0
79.6
10.3
0.5
8.9
0.4
0.3
0
88.2
5.5
0.4
3.5
2.2
0.1
0
91.5
4.6
0.2
2
0.5
1.2
0
93.7
3.8
0.2
1.3
0.2
0.9
0
96.4
2.3
0.1
0.6
0.2
0.5
0
97.4
1.8
0.1
0.4
0.1
0.3
0
98.1
1.1
0.1
0.3
0
0.3
0
98.5
1.2
0
0.1
0
0.2
0
98.9
0.9
0
0.1
0
0.1
0
99.1
0.7
0
0
0
0.1
0
99.3
0.6
0
0
0
0
0
99.5
0.5
0
0
0
0
0
99.6
0.4
0
0
0
0
0
99.7
0.3
0
0
0
0
0
99.8
0.2
0
0
0
0
0
99.8
0.2
0
0
0
0
0
99.9
0.1
0
0
0
0
44.5
38.6
8.4
1.5
4.6
1.2
1.1
100
0
0
0
0
0
0
100
0
0
0
0
0
0
100
0
0
0
0
0
0
0
48.3
21.8
12.3
13
4.6
0
0
56.7
21.4
1.2
16.3
1.3
3.1
0
62.2
18.7
0.6
11.3
5.6
1.5
0
71.6
14.2
0.5
7.7
1.3
4.8
0
76.1
13.1
0.3
5.7
1
3.7
0
78.2
13.2
0.3
4.5
0.9
3
0
84.4
10.3
0.2
2.8
0.5
1.8
0
89.9
7.4
0.2
1.4
0.3
0.9
0
92.1
5.8
0.2
1
0.3
0.7
0
93.4
5.4
0.2
0.6
0.1
0.3
0
94.7
4.4
0.2
0.4
0.1
0.2
0
95.7
3.7
0.2
0.2
0
0.1
0
96.5
3.1
0.2
0.1
0
0.1
0
97.2
2.6
0.1
0.1
0
0
0
97.8
2
0.1
0
0
0
0
98.3
1.6
0.1
0
0
0
0
98.8
1.2
0.1
0
0
0
0
99.2
0.8
0
0
0
0
43.7
32.7
12
1.8
6.6
1.5
1.7
100
0
0
0
0
0
0
100
0
0
0
0
0
0
100
0
0
0
0
0
0
0
35.9
27.2
14.1
18.1
4.6
0
0
41.3
28.3
1.5
22.1
1.7
5
0
45.4
26.8
0.8
16
8.3
2.7
0
56
22.3
0.5
11.6
2
7.6
0
62.1
20.9
0.5
9
1.6
6
0
65
21.1
0.4
7.1
1.4
4.9
0
75.3
16.4
0.2
4.6
0.7
2.8
0
84.1
11.7
0.3
2.1
0.5
1.3
0
87.2
9.6
0.3
1.5
0.5
1
0
89.1
8.9
0.3
1
0.2
0.5
0
91.1
7.5
0.3
0.7
0.1
0.3
0
92.7
6.3
0.3
0.4
0.1
0.2
0
94
5.3
0.3
0.2
0
0.1
0
95.1
4.5
0.3
0.1
0
0
0
96
3.7
0.2
0.1
0
0
0
96.7
3.1
0.2
0
0
0
0
97.3
2.5
0.1
0
0
0
0
97.8
2.1
0.1
0
0
0
45.4
44.9
4.6
1.3
2.6
0.9
0.4
100
0
0
0
0
0
0
100
0
0
0
0
0
0
100
0
0
0
0
0
0
0
60.8
16.3
10.5
7.8
4.7
0
0
72.5
14.3
0.8
10.3
0.9
1.2
0
79.6
10.3
0.5
6.5
2.8
0.3
0
88.2
5.5
0.4
3.5
0.6
1.8
0
91.4
4.6
0.2
2.1
0.5
1.2
0
93.6
3.8
0.2
1.3
0.2
0.9
0
96.4
2.3
0.1
0.6
0.2
0.5
0
97.4
1.8
0.1
0.4
0.1
0.3
0
98.1
1.1
0.1
0.3
0
0.3
0
98.5
1.2
0
0.1
0
0.2
0
98.8
0.9
0
0.1
0
0.1
0
99.1
0.7
0
0
0
0.1
0
99.3
0.6
0
0
0
0
0
99.5
0.5
0
0
0
0
0
99.6
0.4
0
0
0
0
0
99.7
0.3
0
0
0
0
0
99.8
0.2
0
0
0
0
0
99.8
0.2
0
0
0
0
41.4
36.9
9.6
1.9
7
1.5
1.7
100
0
0
0
0
0
0
100
0
0
0
0
0
0
100
0
0
0
0
0
0
0
39.6
19.8
13.6
21.8
5
0
0
48.2
21.8
1.7
20.1
2.4
5.8
0
56.6
21.4
1.2
12.4
5.3
3.2
0
62.1
18.7
0.7
11.4
1.9
5.3
0
71.5
14.2
0.5
7.7
1.3
4.8
0
76
13.1
0.3
5.7
1.1
3.8
0
78.1
13.2
0.3
4.5
0.9
3.1
0
84.3
10.3
0.2
2.9
0.5
1.8
0
89.8
7.4
0.2
1.4
0.3
0.9
0
92
5.8
0.2
1
0.3
0.7
0
93.3
5.4
0.2
0.6
0.1
0.4
0
94.6
4.5
0.2
0.4
0.1
0.2
0
95.6
3.7
0.2
0.2
0
0.1
0
96.5
3.1
0.2
0.1
0
0.1
0
97.2
2.5
0.1
0.1
0
0
0
97.9
2
0.1
0
0
0
0
98.5
1.4
0.1
0
0
0
0
98.9
1
0
0
0
0
40.8
30.8
13.1
2
8.8
1.9
2.5
100
0
0
0
0
0
0
100
0
0
0
0
0
0
100
0
0
0
0
0
0
0
31.4
24.2
14.2
25.3
5
0
0
35.8
27.2
2.3
24.3
3.8
6.6
0
41.2
28.3
1.5
16.4
7.5
5.1
0
45.3
26.7
0.8
16.1
2.9
8.2
0
55.9
22.3
0.5
11.7
2
7.7
0
62
20.9
0.5
9.1
1.6
6
0
64.9
21.1
0.4
7.2
1.5
4.9
0
75.1
16.4
0.2
4.6
0.7
2.9
0
84
11.7
0.3
2.1
0.5
1.3
0
87.1
9.6
0.3
1.5
0.5
1
0
89
8.9
0.3
1
0.2
0.5
0
91
7.5
0.3
0.7
0.1
0.3
0
92.6
6.4
0.3
0.4
0.1
0.2
0
93.9
5.4
0.3
0.2
0
0.1
0
95
4.5
0.3
0.1
0
0
0
95.9
3.7
0.2
0.1
0
0
0
96.7
3.1
0.2
0
0
0
0
97.3
2.6
0.1
0
0
0
42.1
43.3
5.8
1.8
5
1
0.9
100
0
0
0
0
0
0
100
0
0
0
0
0
0
100
0
0
0
0
0
0
0
48
15.4
13.1
18.3
5.1
0
0
60.8
16.3
1.2
15.9
1
4.9
0
72.4
14.3
0.8
8.2
3
1.2
0
79.5
10.3
0.5
6.5
0.8
2.4
0
88.2
5.5
0.4
3.5
0.6
1.8
0
91.4
4.6
0.2
2.1
0.5
1.3
0
93.6
3.8
0.2
1.3
0.2
0.9
0
96.4
2.3
0.1
0.6
0.2
0.5
0
97.3
1.8
0.1
0.4
0.1
0.3
0
98.1
1.1
0.1
0.3
0
0.3
0
98.4
1.2
0
0.1
0
0.2
0
98.8
0.9
0
0.1
0
0.1
0
99.1
0.7
0
0
0
0.1
0
99.3
0.6
0
0
0
0.1
0
99.5
0.5
0
0
0
0
0
99.6
0.4
0
0
0
0
0
99.7
0.3
0
0
0
0
0
99.8
0.2
0
0
0
0
34.8
35.5
10.8
2.7
10.9
2.4
2.8
100
0
0
0
0
0
0
100
0
0
0
0
0
0
100
0
0
0
0
0
0
0
27.2
13.4
18.1
35.9
5.3
0
0
38.5
20.4
2
23.3
9.4
6.5
0
46.7
22.4
1.8
18
3.8
7.4
0
55.6
21.8
1.2
12.7
2.4
6.4
0
60.2
19.5
0.7
11.9
2
5.7
0
70.5
14.6
0.5
8
1.4
5
0
74.8
13.7
0.3
6
1.1
4
0
77.8
13.3
0.3
4.6
0.9
3.2
0
84
10.5
0.2
3
0.5
1.9
0
89.7
7.4
0.2
1.4
0.3
0.9
0
91.8
5.9
0.2
1
0.3
0.8
0
93.2
5.5
0.2
0.6
0.1
0.4
0
94.5
4.5
0.2
0.4
0.1
0.3
0
95.6
3.8
0.2
0.3
0
0.1
0
96.5
3.1
0.2
0.1
0
0.1
0
97.3
2.4
0.1
0.1
0
0
0
98.1
1.8
0.1
0
0
0
0
98.8
1.1
0.1
0
0
0
33.1
30.1
14.5
3
12.6
2.9
3.8
100
0
0
0
0
0
0
100
0
0
0
0
0
0
100
0
0
0
0
0
0
0
21.9
15.3
20.3
37.2
5.3
0
0
31.3
24.1
2.5
24.9
10.4
6.8
0
35.7
27.2
2.3
20.7
4.9
9.3
0
41.1
28.3
1.5
16.4
3.4
9.3
0
45.1
26.7
0.8
16.2
2.9
8.3
0
55.6
22.3
0.5
11.8
2
7.8
0
61.7
20.9
0.5
9.2
1.6
6.1
0
64.6
21.1
0.4
7.3
1.5
5.1
0
74.9
16.5
0.2
4.7
0.8
3
0
83.8
11.8
0.3
2.2
0.6
1.4
0
86.9
9.7
0.3
1.6
0.5
1.1
0
88.8
9
0.4
1.1
0.2
0.6
0
90.9
7.6
0.4
0.7
0.1
0.4
0
92.5
6.4
0.3
0.4
0.1
0.2
0
93.9
5.4
0.3
0.3
0
0.1
0
95
4.5
0.3
0.1
0
0
0
95.9
3.8
0.2
0.1
0
0
0
96.7
3.1
0.2
0
0
0
36.8
41.8
6.6
2.3
9
1.8
1.6
100
0
0
0
0
0
0
100
0
0
0
0
0
0
100
0
0
0
0
0
0
0
32.6
11.4
15.9
34.7
5.4
0
0
48
15.4
1.4
21.2
8
6
0
60.7
16.3
1.2
14.6
2.3
4.9
0
72.3
14.3
0.8
8.3
1.2
3.1
0
79.5
10.4
0.5
6.5
0.8
2.4
0
88.1
5.5
0.4
3.6
0.6
1.8
0
91.3
4.6
0.2
2.1
0.5
1.3
0
93.6
3.8
0.2
1.3
0.2
0.9
0
96.4
2.3
0.1
0.6
0.2
0.5
0
97.3
1.8
0.1
0.4
0.1
0.3
0
98.1
1.1
0.1
0.3
0
0.4
0
98.4
1.2
0
0.1
0
0.2
0
98.8
0.9
0
0.1
0
0.1
0
99.1
0.7
0
0
0
0.1
0
99.3
0.6
0
0
0
0.1
0
99.5
0.5
0
0
0
0
0
99.6
0.4
0
0
0
0
0
99.7
0.3
0
0
0
0
30.6
33.6
11.4
4.1
13.2
3.4
3.8
100
0
0
0
0
0
0
100
0
0
0
0
0
0
100
0
0
0
0
0
0
0
23.8
13.8
15.9
39.3
7.2
0
0
27.1
13.4
15.9
24.9
10.9
7.7
0
37.7
21.1
2
23.1
6.7
9.3
0
46.4
22
2.5
17.1
3.6
8.4
0
55.4
21.8
1.2
12.7
2.4
6.5
0
60.4
19.4
0.7
11.9
2
5.7
0
70.6
14.5
0.5
8
1.4
5.1
0
74.9
13.5
0.3
6
1.1
4
0
77.9
13.1
0.3
4.6
0.9
3.2
0
84.2
10.2
0.2
2.9
0.5
1.9
0
89.7
7.3
0.2
1.4
0.3
1
0
91.8
5.9
0.2
1
0.3
0.8
0
93.1
5.5
0.2
0.7
0.1
0.4
0
94.5
4.5
0.2
0.4
0.1
0.3
0
95.6
3.7
0.2
0.3
0
0.2
0
96.6
2.9
0.2
0.1
0
0.1
0
97.6
2.2
0.1
0.1
0
0
0
98.4
1.5
0.1
0
0
0
29.3
27.7
14.9
4.4
14.8
3.7
5.2
100
0
0
0
0
0
0
100
0
0
0
0
0
0
100
0
0
0
0
0
0
0
18.8
15
17.6
41.1
7.6
0
0
21.9
15.3
15.8
26
12
8.9
0
30.1
25.3
2.5
24.6
5.8
11.7
0
35.2
26.5
3.5
19.1
4.6
11.2
0
41
28.2
1.5
16.5
3.4
9.4
0
44.9
26.7
0.8
16.3
3
8.3
0
55.4
22.2
0.5
11.9
2.1
7.9
0
61.4
20.9
0.5
9.3
1.6
6.3
0
64.3
21.2
0.4
7.4
1.5
5.2
0
74.6
16.5
0.2
4.8
0.8
3.1
0
83.6
11.9
0.3
2.2
0.6
1.5
0
86.6
9.7
0.3
1.6
0.5
1.2
0
88.6
9.1
0.4
1.1
0.2
0.6
0
90.7
7.7
0.4
0.8
0.1
0.4
0
92.4
6.5
0.4
0.5
0.1
0.2
0
93.8
5.5
0.3
0.3
0
0.1
0
95
4.6
0.3
0.1
0
0.1
0
95.9
3.8
0.2
0.1
0
0
32
40.2
7.5
3.8
11.3
3
2.2
100
0
0
0
0
0
0
100
0
0
0
0
0
0
100
0
0
0
0
0
0
0
28.9
12.6
14.1
37.6
6.9
0
0
32.6
11.4
15.9
23.8
9.8
6.5
0
48
15.4
1.4
21.2
7.9
6.1
0
60.8
16.2
1.2
14.6
2.3
4.9
0
72.3
14.3
0.8
8.3
1.2
3.1
0
79.4
10.4
0.5
6.6
0.8
2.4
0
88
5.5
0.4
3.6
0.6
1.8
0
91.3
4.6
0.2
2.1
0.5
1.3
0
93.5
3.8
0.2
1.4
0.2
0.9
0
96.3
2.3
0.1
0.6
0.2
0.5
0
97.3
1.8
0.1
0.5
0.1
0.3
0
98.1
1.1
0.1
0.3
0
0.4
0
98.4
1.2
0
0.1
0
0.2
0
98.8
0.9
0.1
0.1
0
0.1
0
99.1
0.7
0
0
0
0.1
0
99.3
0.6
0
0
0
0.1
0
99.5
0.5
0
0
0
0
0
99.6
0.4
0
0
0
0
27.4
31.6
11.8
5.1
15
4.3
4.9
NA
NA
NA
100
0
0
0
0
0
0
NA
NA
NA
100
0
0
0
0
0
0
NA
NA
NA
100
0
0
0
0
0
0
NA
NA
NA
0
20.3
14.2
13.6
42.8
9.1
0
NA
NA
NA
0
23.7
13.8
14.3
26.6
12.6
9.1
NA
NA
NA
0
27
13.5
15.8
25
7.8
10.9
NA
NA
NA
0
37.2
20.8
2.8
22.4
6.7
10.1
NA
NA
NA
0
46.2
22
2.5
17.2
3.6
8.5
NA
NA
NA
0
55.2
21.8
1.2
12.8
2.4
6.6
NA
NA
NA
0
60.1
19.4
0.7
12
2
5.8
NA
NA
NA
0
70.3
14.5
0.5
8.1
1.4
5.2
NA
NA
NA
0
74.7
13.6
0.3
6.1
1.1
4.1
NA
NA
NA
0
77.6
13.2
0.3
4.7
0.9
3.3
NA
NA
NA
0
83.9
10.3
0.2
3
0.5
2
NA
NA
NA
0
89.5
7.4
0.2
1.5
0.4
1
NA
NA
NA
0
91.6
6
0.2
1.1
0.3
0.9
NA
NA
NA
0
93
5.5
0.2
0.7
0.1
0.4
NA
NA
NA
0
94.5
4.5
0.2
0.5
0.1
0.3
NA
NA
NA
0
95.8
3.6
0.2
0.3
0
0.2
NA
NA
NA
0
96.9
2.7
0.2
0.1
0
0.1
NA
NA
NA
0
87.4
3.7
2.3
2.2
2.2
2.2
NA
NA
NA
26.2
25.9
14.9
5.3
16.5
4.5
6.6
NA
NA
NA
100
0
0
0
0
0
0
NA
NA
NA
100
0
0
0
0
0
0
NA
NA
NA
100
0
0
0
0
0
0
NA
NA
NA
0
15.6
14.6
14.8
45
9.9
0
NA
NA
NA
0
18.8
15
14.5
27.2
13.6
11
NA
NA
NA
0
21.9
15.3
15.8
26
6.8
14.2
NA
NA
NA
0
29.3
24.7
3.9
23.3
5.8
13
NA
NA
NA
0
35
26.4
3.5
19.2
4.6
11.3
NA
NA
NA
0
40.8
28.2
1.5
16.6
3.4
9.5
NA
NA
NA
0
44.7
26.6
0.8
16.4
3
8.4
NA
NA
NA
0
55.1
22.2
0.5
12
2.1
8
NA
NA
NA
0
61.1
20.9
0.5
9.4
1.7
6.4
NA
NA
NA
0
63.9
21.2
0.4
7.6
1.6
5.3
NA
NA
NA
0
74.2
16.6
0.2
5
0.8
3.2
NA
NA
NA
0
83.3
11.9
0.3
2.3
0.6
1.5
NA
NA
NA
0
86.4
9.8
0.3
1.7
0.6
1.3
NA
NA
NA
0
88.4
9.2
0.4
1.2
0.2
0.7
NA
NA
NA
0
90.5
7.8
0.4
0.8
0.1
0.4
NA
NA
NA
0
92.3
6.6
0.4
0.5
0.1
0.2
NA
NA
NA
0
93.7
5.5
0.3
0.3
0
0.1
NA
NA
NA
0
79.8
6.9
3.5
3.3
3.2
3.3
NA
NA
NA
28.8
38
8.3
4.7
13.3
4
2.9
NA
NA
NA
100
0
0
0
0
0
0
NA
NA
NA
100
0
0
0
0
0
0
NA
NA
NA
100
0
0
0
0
0
0
NA
NA
NA
0
25.2
13.7
12.3
40.5
8.3
0
NA
NA
NA
0
28.9
12.6
14.1
25.9
11.5
7
NA
NA
NA
0
32.6
11.4
15.9
23.8
9
7.3
NA
NA
NA
0
48
15.4
1.4
21.2
7.9
6.1
NA
NA
NA
0
60.7
16.2
1.2
14.7
2.3
4.9
NA
NA
NA
0
72.2
14.3
0.8
8.3
1.2
3.1
NA
NA
NA
0
79.3
10.4
0.5
6.6
0.8
2.4
NA
NA
NA
0
88
5.5
0.4
3.6
0.6
1.9
NA
NA
NA
0
91.2
4.6
0.2
2.1
0.5
1.3
NA
NA
NA
0
93.5
3.8
0.2
1.4
0.2
0.9
NA
NA
NA
0
96.3
2.3
0.1
0.6
0.2
0.5
NA
NA
NA
0
97.2
1.8
0.1
0.5
0.1
0.4
NA
NA
NA
0
98
1.1
0.1
0.3
0
0.4
NA
NA
NA
0
98.4
1.2
0
0.2
0
0.2
NA
NA
NA
0
98.8
0.9
0.1
0.1
0
0.1
NA
NA
NA
0
99.1
0.7
0
0
0
0.1
NA
NA
NA
0
99.3
0.6
0
0
0
0.1
NA
NA
NA
0
91.3
2.1
1.7
1.6
1.6
1.7
NA
NA
NA
25.5
29.1
11.9
5.6
16.5
5.3
5.9
NA
NA
NA
100
0
0
0
0
0
0
NA
NA
NA
100
0
0
0
0
0
0
NA
NA
NA
100
0
0
0
0
0
0
NA
NA
NA
0
16.9
14.6
11.3
46.2
11.1
0
NA
NA
NA
0
20.2
14
12.8
28
14.6
10.4
NA
NA
NA
0
23.2
13.6
14.2
26.2
9.7
13
NA
NA
NA
0
26.5
13.3
15.7
24.3
8.6
11.6
NA
NA
NA
0
36.6
20.5
3
22.4
7.2
10.4
NA
NA
NA
0
45.6
21.7
2.7
17.3
4
8.8
NA
NA
NA
0
54.6
21.6
1.3
12.9
2.7
6.8
NA
NA
NA
0
59.6
19.3
0.8
12.2
2.3
5.9
NA
NA
NA
0
69.7
14.5
0.6
8.3
1.6
5.4
NA
NA
NA
0
74.1
13.6
0.4
6.3
1.3
4.3
NA
NA
NA
0
77
13.2
0.4
4.9
1.1
3.5
NA
NA
NA
0
83.4
10.4
0.2
3.2
0.6
2.2
NA
NA
NA
0
88.8
7.5
0.3
1.7
0.5
1.2
NA
NA
NA
0
91.4
6
0.2
1.1
0.3
0.9
NA
NA
NA
0
93
5.5
0.2
0.7
0.1
0.5
NA
NA
NA
0
94.6
4.3
0.2
0.5
0.1
0.3
NA
NA
NA
0
96.1
3.3
0.2
0.2
0
0.2
NA
NA
NA
0
96.9
2.3
0.2
0.2
0.1
0.2
NA
NA
NA
24.5
23.6
14.6
5.9
17.8
5.6
8
NA
NA
NA
100
0
0
0
0
0
0
NA
NA
NA
100
0
0
0
0
0
0
NA
NA
NA
100
0
0
0
0
0
0
NA
NA
NA
0
12.4
14.2
12.1
49
12.3
0
NA
NA
NA
0
15.4
14.4
13.2
28.1
15.8
13.1
NA
NA
NA
0
18.3
14.6
14.4
26.7
9.1
16.9
NA
NA
NA
0
21.4
15
15.7
24.8
8
15.1
NA
NA
NA
0
28.7
24.2
4.1
23.2
6.5
13.3
NA
NA
NA
0
34.4
26
3.7
19.2
5.2
11.5
NA
NA
NA
0
40.2
27.8
1.7
16.7
3.9
9.7
NA
NA
NA
0
44.1
26.4
1
16.5
3.3
8.7
NA
NA
NA
0
54.5
22.1
0.6
12.2
2.4
8.3
NA
NA
NA
0
60.5
20.8
0.6
9.6
1.9
6.6
NA
NA
NA
0
63.2
21.1
0.5
7.8
1.8
5.6
NA
NA
NA
0
73.6
16.6
0.3
5.1
1
3.4
NA
NA
NA
0
82.3
12
0.5
2.5
0.8
1.8
NA
NA
NA
0
86
9.9
0.3
1.8
0.6
1.4
NA
NA
NA
0
88.1
9.3
0.4
1.3
0.2
0.7
NA
NA
NA
0
90.3
7.8
0.4
0.8
0.1
0.5
NA
NA
NA
0
92.2
6.6
0.4
0.5
0.1
0.2
NA
NA
NA
0
93.2
5.5
0.4
0.4
0.2
0.2
NA
NA
NA
26.8
35.4
8.9
5.3
15
5
3.6
NA
NA
NA
100
0
0
0
0
0
0
NA
NA
NA
100
0
0
0
0
0
0
NA
NA
NA
100
0
0
0
0
0
0
NA
NA
NA
0
21.6
14.9
10.5
43.3
9.7
0
NA
NA
NA
0
25.1
13.7
12.3
27.8
13.4
7.7
NA
NA
NA
0
28.6
12.5
14
25.7
10.4
8.8
NA
NA
NA
0
32.3
11.3
15.8
23.7
9.3
7.6
NA
NA
NA
0
47.5
15.3
1.5
21.2
8.2
6.3
NA
NA
NA
0
60.2
16.1
1.3
14.7
2.5
5.1
NA
NA
NA
0
71.8
14.3
0.9
8.4
1.4
3.2
NA
NA
NA
0
78.9
10.4
0.5
6.7
0.9
2.5
NA
NA
NA
0
87.6
5.6
0.5
3.7
0.7
1.9
NA
NA
NA
0
90.9
4.7
0.2
2.2
0.6
1.4
NA
NA
NA
0
93.2
3.9
0.2
1.4
0.3
1
NA
NA
NA
0
96.1
2.4
0.1
0.6
0.2
0.6
NA
NA
NA
0
96.9
1.9
0.1
0.5
0.1
0.4
NA
NA
NA
0
98
1.1
0.1
0.3
0
0.4
NA
NA
NA
0
98.3
1.2
0
0.2
0
0.2
NA
NA
NA
0
98.8
0.9
0.1
0.1
0
0.2
NA
NA
NA
0
99.1
0.7
0
0
0
0.1
NA
NA
NA
0
98.9
0.6
0.1
0.1
0.1
0.1
NA
NA
NA
23.9
26.5
12.3
6
18
6.3
6.9
NA
NA
NA
100
0
0
0
0
0
0
NA
NA
NA
100
0
0
0
0
0
0
NA
NA
NA
100
0
0
0
0
0
0
NA
NA
NA
0
13.5
14.9
9
49.6
13
0
NA
NA
NA
0
16.2
15
11.2
29.5
16.3
11.8
NA
NA
NA
0
18.7
15
12.7
27.7
11
14.8
NA
NA
NA
0
22.6
14.2
14.2
26.1
9.8
13.1
NA
NA
NA
0
26.2
13.1
15.7
24.2
9.1
11.8
NA
NA
NA
0
36.2
20.2
3.1
22.3
7.5
10.6
NA
NA
NA
0
45.1
21.5
2.8
17.3
4.3
8.9
NA
NA
NA
0
54.1
21.5
1.4
13.1
3
6.9
NA
NA
NA
0
59.1
19.2
0.9
12.3
2.4
6.1
NA
NA
NA
0
69.1
14.5
0.6
8.5
1.8
5.5
NA
NA
NA
0
73.5
13.7
0.5
6.5
1.4
4.5
NA
NA
NA
0
76.3
13.3
0.4
5.1
1.2
3.7
NA
NA
NA
0
82.5
10.5
0.3
3.4
0.8
2.4
NA
NA
NA
0
88.5
7.6
0.3
1.7
0.6
1.3
NA
NA
NA
0
91.3
5.9
0.2
1.2
0.4
1
NA
NA
NA
0
93.2
5.3
0.2
0.7
0.1
0.5
NA
NA
NA
0
95.1
3.9
0.2
0.4
0.1
0.3
NA
NA
NA
0
96.7
2.8
0.2
0.2
0
0.1
NA
NA
NA
22.9
21
14.7
6.3
19.2
6.6
9.2
NA
NA
NA
100
0
0
0
0
0
0
NA
NA
NA
100
0
0
0
0
0
0
NA
NA
NA
100
0
0
0
0
0
0
NA
NA
NA
0
9.3
13.8
9.4
52.9
14.7
0
NA
NA
NA
0
11.2
15.2
11.9
29.1
17.4
15.2
NA
NA
NA
0
12.9
16.4
13.2
27.7
10.5
19.4
NA
NA
NA
0
17.1
15.8
14.4
26.4
9.3
17
NA
NA
NA
0
21
14.7
15.6
24.6
8.7
15.4
NA
NA
NA
0
28.3
23.8
4.3
23.2
6.9
13.5
NA
NA
NA
0
34
25.7
3.8
19.3
5.5
11.7
NA
NA
NA
0
39.7
27.5
1.8
16.9
4.2
10
NA
NA
NA
0
43.6
26.2
1.1
16.7
3.6
8.9
NA
NA
NA
0
53.8
21.9
0.7
12.4
2.6
8.5
NA
NA
NA
0
59.8
20.8
0.7
9.8
2
6.9
NA
NA
NA
0
62.5
21.1
0.6
8
1.9
5.9
NA
NA
NA
0
72.5
16.6
0.5
5.4
1.2
3.8
NA
NA
NA
0
81.9
12.1
0.5
2.7
0.9
1.9
NA
NA
NA
0
85.6
10
0.3
1.9
0.7
1.5
NA
NA
NA
0
87.9
9.4
0.4
1.3
0.2
0.8
NA
NA
NA
0
90.2
7.9
0.4
0.9
0.1
0.5
NA
NA
NA
0
92.3
6.5
0.4
0.5
0.1
0.2
NA
NA
NA
25
32.8
9.5
5.7
16.7
6
4.3
NA
NA
NA
100
0
0
0
0
0
0
NA
NA
NA
100
0
0
0
0
0
0
NA
NA
NA
100
0
0
0
0
0
0
NA
NA
NA
0
17.9
16
8.7
46.2
11.2
0
NA
NA
NA
0
21.5
14.8
10.5
29.8
15.2
8.2
NA
NA
NA
0
24.9
13.6
12.3
27.7
11.6
10
NA
NA
NA
0
28.6
12.5
14
25.7
10.4
8.8
NA
NA
NA
0
32.1
11.3
15.8
23.6
9.5
7.8
NA
NA
NA
0
47.2
15.2
1.6
21.2
8.3
6.5
NA
NA
NA
0
59.9
16.1
1.3
14.8
2.7
5.2
NA
NA
NA
0
71.4
14.3
0.9
8.5
1.5
3.3
NA
NA
NA
0
78.6
10.4
0.6
6.8
1
2.6
NA
NA
NA
0
87.3
5.6
0.5
3.8
0.8
2
NA
NA
NA
0
90.7
4.7
0.3
2.3
0.6
1.5
NA
NA
NA
0
93
3.9
0.2
1.5
0.4
1
NA
NA
NA
0
95.7
2.4
0.2
0.7
0.3
0.6
NA
NA
NA
0
96.8
1.9
0.1
0.5
0.1
0.4
NA
NA
NA
0
97.9
1.2
0.1
0.3
0
0.4
NA
NA
NA
0
98.3
1.2
0.1
0.2
0
0.2
NA
NA
NA
0
98.8
0.9
0.1
0.1
0
0.2
NA
NA
NA
0
99.1
0.7
0
0
0
0.1
NA
NA
NA
22.6
24.2
12.2
6.4
19.4
7.3
8
NA
NA
NA
100
0
0
0
0
0
0
NA
NA
NA
100
0
0
0
0
0
0
NA
NA
NA
100
0
0
0
0
0
0
NA
NA
NA
0
10
12.8
8.9
53.5
14.8
0
NA
NA
NA
0
13.4
14.7
9
30
19.3
13.6
NA
NA
NA
0
16
14.8
11.2
29.1
11.8
17.1
NA
NA
NA
0
18.7
15.1
12.8
27.7
10.9
14.8
NA
NA
NA
0
22.2
14
14.2
25.9
10.3
13.4
NA
NA
NA
0
25.9
13
15.6
24.1
9.4
12
NA
NA
NA
0
35.8
20.1
3.2
22.4
7.8
10.7
NA
NA
NA
0
44.7
21.4
2.8
17.4
4.5
9.1
NA
NA
NA
0
53.7
21.4
1.5
13.2
3.1
7.1
NA
NA
NA
0
58.6
19.1
0.9
12.5
2.6
6.3
NA
NA
NA
0
68.5
14.5
0.7
8.7
1.9
5.8
NA
NA
NA
0
72.8
13.7
0.5
6.7
1.5
4.7
NA
NA
NA
0
75.4
13.3
0.5
5.3
1.4
4
NA
NA
NA
0
82.1
10.5
0.3
3.5
0.9
2.6
NA
NA
NA
0
88.4
7.5
0.3
1.8
0.6
1.4
NA
NA
NA
0
91.4
5.7
0.2
1.2
0.4
1
NA
NA
NA
0
93.6
4.9
0.2
0.7
0.1
0.5
NA
NA
NA
0
95.7
3.4
0.2
0.4
0.1
0.3
NA
NA
NA
21.7
18.9
14.3
6.7
20.4
7.5
10.5
NA
NA
NA
100
0
0
0
0
0
0
NA
NA
NA
100
0
0
0
0
0
0
NA
NA
NA
100
0
0
0
0
0
0
NA
NA
NA
0
6.8
11.4
9.4
56.1
16.3
0
NA
NA
NA
0
9.2
13.6
9.4
30.6
19.9
17.3
NA
NA
NA
0
11
14.8
11.9
28.7
11.8
21.8
NA
NA
NA
0
12.9
16.4
13.2
27.7
10.4
19.3
NA
NA
NA
0
16.7
15.5
14.3
26.2
10.1
17.3
NA
NA
NA
0
20.7
14.5
15.5
24.6
9.2
15.6
NA
NA
NA
0
27.9
23.6
4.4
23.2
7.2
13.7
NA
NA
NA
0
33.6
25.4
3.9
19.4
5.8
11.9
NA
NA
NA
0
39.2
27.3
1.9
17
4.4
10.2
NA
NA
NA
0
43.1
26
1.2
16.9
3.7
9.1
NA
NA
NA
0
53.2
21.8
0.8
12.6
2.8
8.8
NA
NA
NA
0
59.1
20.7
0.7
10.1
2.2
7.2
NA
NA
NA
0
61.4
21
0.8
8.3
2.2
6.3
NA
NA
NA
0
71.9
16.7
0.5
5.7
1.3
4.1
NA
NA
NA
0
81.4
12.2
0.5
2.8
1
2.1
NA
NA
NA
0
85.3
10.1
0.3
2
0.7
1.6
NA
NA
NA
0
87.7
9.4
0.4
1.4
0.2
0.8
NA
NA
NA
0
90.4
7.8
0.4
0.8
0.1
0.5
NA
NA
NA
23.5
30.1
9.9
6
18.3
7.1
5.1
NA
NA
NA
100
0
0
0
0
0
0
NA
NA
NA
100
0
0
0
0
0
0
NA
NA
NA
100
0
0
0
0
0
0
NA
NA
NA
0
13.4
14.2
8.4
50.8
13.2
0
NA
NA
NA
0
17.8
15.9
8.7
29.3
18.6
9.7
NA
NA
NA
0
21.3
14.7
10.5
29.7
11.9
12
NA
NA
NA
0
25
13.6
12.3
27.7
11.6
10
NA
NA
NA
0
28.3
12.4
14
25.6
10.6
9
NA
NA
NA
0
31.9
11.2
15.7
23.6
9.7
7.9
NA
NA
NA
0
46.9
15.2
1.6
21.2
8.5
6.6
NA
NA
NA
0
59.6
16
1.4
14.9
2.8
5.3
NA
NA
NA
0
71.1
14.3
1
8.6
1.6
3.4
NA
NA
NA
0
78.3
10.4
0.6
6.9
1.1
2.7
NA
NA
NA
0
87
5.6
0.6
3.8
0.8
2.1
NA
NA
NA
0
90.4
4.7
0.3
2.3
0.7
1.5
NA
NA
NA
0
92.6
4
0.3
1.6
0.4
1.1
NA
NA
NA
0
95.6
2.5
0.2
0.7
0.3
0.7
NA
NA
NA
0
96.8
1.9
0.1
0.6
0.1
0.5
NA
NA
NA
0
97.9
1.2
0.1
0.3
0
0.5
NA
NA
NA
0
98.3
1.2
0.1
0.2
0
0.2
NA
NA
NA
0
98.8
0.9
0.1
0.1
0
0.2
NA
NA
NA
21.1
21.9
12
6.7
20.8
8.4
9.2
NA
NA
NA
100
0
0
0
0
0
0
NA
NA
NA
100
0
0
0
0
0
0
NA
NA
NA
100
0
0
0
0
0
0
NA
NA
NA
0
7.1
10.9
8.8
56.2
17
0
NA
NA
NA
0
9.9
12.6
8.9
31.1
22.1
15.4
NA
NA
NA
0
13.2
14.5
9
29.6
14
19.7
NA
NA
NA
0
16
14.8
11.2
29.2
11.8
17.1
NA
NA
NA
0
18.4
14.8
12.7
27.5
11.5
15.1
NA
NA
NA
0
22
13.8
14.1
25.8
10.7
13.5
NA
NA
NA
0
25.7
12.9
15.6
24.1
9.6
12.2
NA
NA
NA
0
35.5
19.9
3.3
22.4
7.9
10.9
NA
NA
NA
0
44.4
21.3
2.9
17.6
4.6
9.3
NA
NA
NA
0
53.2
21.3
1.6
13.4
3.3
7.3
NA
NA
NA
0
58
19.1
1
12.7
2.7
6.5
NA
NA
NA
0
67.8
14.5
0.7
8.9
2
6
NA
NA
NA
0
71.9
13.7
0.6
7
1.7
5
NA
NA
NA
0
74.9
13.3
0.5
5.5
1.5
4.3
NA
NA
NA
0
81.9
10.4
0.4
3.7
0.9
2.8
NA
NA
NA
0
88.5
7.3
0.3
1.8
0.6
1.4
NA
NA
NA
0
92
5.3
0.2
1.1
0.4
1
NA
NA
NA
0
94.5
4.2
0.2
0.6
0.1
0.4
NA
NA
NA
20.3
16.9
13.7
7
21.7
8.6
11.9
NA
NA
NA
100
0
0
0
0
0
0
NA
NA
NA
100
0
0
0
0
0
0
NA
NA
NA
100
0
0
0
0
0
0
NA
NA
NA
0
4.9
9.4
8.9
58.3
18.5
0
NA
NA
NA
0
6.7
11.3
9.4
31.3
22.2
19.1
NA
NA
NA
0
9.1
13.3
9.4
30.1
13.3
24.8
NA
NA
NA
0
11
14.9
11.9
28.7
11.7
21.8
NA
NA
NA
0
12.7
16
13.1
27.4
11.2
19.6
NA
NA
NA
0
16.4
15.2
14.2
26
10.6
17.5
NA
NA
NA
0
20.4
14.3
15.4
24.5
9.5
15.8
NA
NA
NA
0
27.6
23.3
4.4
23.3
7.5
13.9
NA
NA
NA
0
33.2
25.2
4
19.5
6
12.1
NA
NA
NA
0
38.7
27.1
2
17.2
4.6
10.4
NA
NA
NA
0
42.5
25.8
1.2
17.1
3.9
9.4
NA
NA
NA
0
52.4
21.7
0.9
12.9
2.9
9.1
NA
NA
NA
0
58.1
20.6
0.8
10.4
2.4
7.7
NA
NA
NA
0
60.5
20.9
0.8
8.7
2.3
6.8
NA
NA
NA
0
71.1
16.7
0.5
6
1.4
4.4
NA
NA
NA
0
80.9
12.3
0.5
3
1
2.3
NA
NA
NA
0
85
10.1
0.3
2.1
0.7
1.7
NA
NA
NA
0
87.9
9.3
0.4
1.3
0.2
0.8
NA
NA
NA
22
27.4
10.2
6.3
19.8
8.2
6
NA
NA
NA
100
0
0
0
0
0
0
NA
NA
NA
100
0
0
0
0
0
0
NA
NA
NA
100
0
0
0
0
0
0
NA
NA
NA
0
9.5
12.5
8.7
54
15.3
0
NA
NA
NA
0
13.3
14.1
8.4
30.8
21.9
11.4
NA
NA
NA
0
17.7
15.8
8.7
29.1
14.7
14.1
NA
NA
NA
0
21.3
14.7
10.5
29.7
11.9
12
NA
NA
NA
0
24.7
13.4
12.2
27.6
11.8
10.2
NA
NA
NA
0
28.2
12.3
14
25.6
10.8
9.2
NA
NA
NA
0
31.7
11.2
15.7
23.6
9.8
8
NA
NA
NA
0
46.7
15.1
1.7
21.3
8.6
6.7
NA
NA
NA
0
59.3
16
1.4
15
2.9
5.4
NA
NA
NA
0
70.8
14.3
1
8.7
1.6
3.5
NA
NA
NA
0
78
10.4
0.6
7
1.2
2.8
NA
NA
NA
0
86.7
5.6
0.6
4
0.9
2.2
NA
NA
NA
0
90
4.8
0.3
2.4
0.8
1.6
NA
NA
NA
0
92.4
4
0.3
1.6
0.5
1.2
NA
NA
NA
0
95.5
2.5
0.2
0.8
0.3
0.7
NA
NA
NA
0
96.7
1.9
0.1
0.6
0.2
0.5
NA
NA
NA
0
97.9
1.2
0.1
0.3
0
0.5
NA
NA
NA
0
98.4
1.2
0.1
0.2
0
0.2
NA
NA
NA
19.7
19.6
11.7
6.9
22
9.7
10.4
NA
NA
NA
100
0
0
0
0
0
0
NA
NA
NA
100
0
0
0
0
0
0
NA
NA
NA
100
0
0
0
0
0
0
NA
NA
NA
0
5.2
8.5
8.3
59.2
18.8
0
NA
NA
NA
0
7.1
10.8
8.8
30.5
25.9
16.9
NA
NA
NA
0
9.8
12.4
8.9
30.7
16
22.2
NA
NA
NA
0
13.2
14.5
9.1
29.6
13.9
19.7
NA
NA
NA
0
15.7
14.5
11.2
28.9
12.4
17.4
NA
NA
NA
0
18.2
14.6
12.7
27.3
11.9
15.3
NA
NA
NA
0
21.8
13.7
14.1
25.8
10.9
13.7
NA
NA
NA
0
25.4
12.8
15.5
24.1
9.8
12.3
NA
NA
NA
0
35.2
19.8
3.3
22.6
8.1
11.1
NA
NA
NA
0
43.9
21.2
2.9
17.7
4.8
9.5
NA
NA
NA
0
52.7
21.2
1.6
13.6
3.4
7.5
NA
NA
NA
0
57.4
19.1
1
13
2.8
6.7
NA
NA
NA
0
67
14.5
0.8
9.2
2.2
6.4
NA
NA
NA
0
71.4
13.6
0.6
7.2
1.8
5.4
NA
NA
NA
0
74.7
13.1
0.5
5.6
1.6
4.5
NA
NA
NA
0
82.2
10
0.3
3.7
0.9
2.9
NA
NA
NA
0
89.2
6.7
0.3
1.7
0.6
1.4
NA
NA
NA
0
93.1
4.5
0.2
1
0.3
0.9
NA
NA
NA
18.9
15.1
13
7.2
22.8
9.8
13.3
NA
NA
NA
100
0
0
0
0
0
0
NA
NA
NA
100
0
0
0
0
0
0
NA
NA
NA
100
0
0
0
0
0
0
NA
NA
NA
0
3.5
7.2
8.3
61.1
20
0
NA
NA
NA
0
4.9
9.3
8.9
30.2
26.3
20.4
NA
NA
NA
0
6.7
11
9.3
30.7
14.9
27.3
NA
NA
NA
0
9.1
13.4
9.4
30.1
13.2
24.7
NA
NA
NA
0
10.8
14.5
11.8
28.3
12.6
22
NA
NA
NA
0
12.5
15.7
13.1
27.2
11.8
19.8
NA
NA
NA
0
16.2
15
14.2
26
10.9
17.7
NA
NA
NA
0
20.2
14.2
15.4
24.6
9.7
16
NA
NA
NA
0
27.3
23.1
4.5
23.4
7.6
14.1
NA
NA
NA
0
32.8
25
4
19.7
6.1
12.4
NA
NA
NA
0
38.2
26.9
2
17.4
4.8
10.7
NA
NA
NA
0
41.9
25.6
1.3
17.5
4.1
9.7
NA
NA
NA
0
51.4
21.5
0.9
13.3
3.2
9.6
NA
NA
NA
0
57.1
20.5
0.8
10.8
2.6
8.2
NA
NA
NA
0
59.5
20.9
0.8
9.1
2.5
7.3
NA
NA
NA
0
70.3
16.7
0.5
6.2
1.5
4.8
NA
NA
NA
0
80.5
12.3
0.5
3.1
1.1
2.5
NA
NA
NA
0
85.2
10.1
0.3
2
0.7
1.7
NA
NA
NA
20.5
24.8
10.2
6.6
21.2
9.6
7.1
NA
NA
NA
100
0
0
0
0
0
0
NA
NA
NA
100
0
0
0
0
0
0
NA
NA
NA
100
0
0
0
0
0
0
NA
NA
NA
0
7
10
8.3
57.2
17.5
0
NA
NA
NA
0
9.5
12.4
8.7
30.8
25.5
13.1
NA
NA
NA
0
13.2
14
8.4
30.6
17.3
16.6
NA
NA
NA
0
17.7
15.8
8.7
29.1
14.7
14.1
NA
NA
NA
0
21.1
14.5
10.4
29.5
12.2
12.2
NA
NA
NA
0
24.6
13.4
12.2
27.5
12
10.4
NA
NA
NA
0
28
12.3
13.9
25.6
10.9
9.3
NA
NA
NA
0
31.5
11.1
15.7
23.7
9.9
8.1
NA
NA
NA
0
46.4
15.1
1.7
21.4
8.7
6.8
NA
NA
NA
0
58.9
16
1.4
15.1
2.9
5.6
NA
NA
NA
0
70.5
14.3
1
8.9
1.7
3.6
NA
NA
NA
0
77.7
10.4
0.6
7.2
1.2
2.9
NA
NA
NA
0
86.3
5.7
0.6
4.1
1
2.3
NA
NA
NA
0
89.8
4.8
0.3
2.5
0.8
1.7
NA
NA
NA
0
92.2
4
0.3
1.7
0.5
1.3
NA
NA
NA
0
95.4
2.5
0.2
0.8
0.4
0.7
NA
NA
NA
0
96.6
1.9
0.1
0.6
0.2
0.5
NA
NA
NA
0
97.9
1.2
0.1
0.3
0
0.4
NA
NA
NA
18.4
17.5
11.2
7
23.1
11
11.8
NA
NA
NA
100
0
0
0
0
0
0
NA
NA
NA
100
0
0
0
0
0
0
NA
NA
NA
100
0
0
0
0
0
0
NA
NA
NA
0
3.8
6.9
6.4
62
20.9
0
NA
NA
NA
0
5.2
8.4
8.3
30.7
28.5
18.9
NA
NA
NA
0
7
10.6
8.7
30
19.2
24.4
NA
NA
NA
0
9.8
12.4
8.9
30.7
15.9
22.2
NA
NA
NA
0
13
14.2
9
29.3
14.5
19.9
NA
NA
NA
0
15.6
14.3
11.1
28.7
12.8
17.6
NA
NA
NA
0
18.1
14.4
12.6
27.3
12.1
15.5
NA
NA
NA
0
21.6
13.6
14
25.8
11.1
13.8
NA
NA
NA
0
25.2
12.7
15.5
24.2
9.9
12.5
NA
NA
NA
0
34.9
19.7
3.3
22.7
8.2
11.3
NA
NA
NA
0
43.5
21.1
2.9
17.9
4.9
9.7
NA
NA
NA
0
52.1
21.2
1.6
13.8
3.5
7.8
NA
NA
NA
0
56.6
18.9
1
13.3
3
7.1
NA
NA
NA
0
66.4
14.3
0.8
9.4
2.3
6.7
NA
NA
NA
0
71.1
13.4
0.6
7.4
1.9
5.7
NA
NA
NA
0
75.1
12.5
0.5
5.6
1.6
4.7
NA
NA
NA
0
83.3
9.2
0.3
3.5
0.9
2.8
NA
NA
NA
0
90.8
5.7
0.3
1.5
0.5
1.2
NA
NA
NA
17.7
13.3
12.2
7.3
23.7
11
14.9
NA
NA
NA
100
0
0
0
0
0
0
NA
NA
NA
100
0
0
0
0
0
0
NA
NA
NA
100
0
0
0
0
0
0
NA
NA
NA
0
2.5
6
6.7
63.1
21.8
0
NA
NA
NA
0
3.5
7.1
8.3
30.8
28.3
22.1
NA
NA
NA
0
4.9
9.1
8.8
29.6
18.5
29.2
NA
NA
NA
0
6.7
11
9.3
30.8
14.8
27.3
NA
NA
NA
0
9
13
9.4
29.6
14.2
24.9
NA
NA
NA
0
10.7
14.2
11.8
28
13.2
22.2
NA
NA
NA
0
12.3
15.5
13
27.1
12.1
20
NA
NA
NA
0
16
14.9
14.2
26
11.1
17.8
NA
NA
NA
0
19.9
14.1
15.3
24.6
9.9
16.1
NA
NA
NA
0
26.9
22.9
4.5
23.5
7.8
14.3
NA
NA
NA
0
32.3
24.8
4
19.9
6.3
12.6
NA
NA
NA
0
37.6
26.7
2.1
17.7
4.9
11
NA
NA
NA
0
41
25.4
1.3
17.9
4.3
10.2
NA
NA
NA
0
50.4
21.4
1
13.7
3.4
10.2
NA
NA
NA
0
55.9
20.4
0.8
11.3
2.7
8.8
NA
NA
NA
0
58.4
20.8
0.8
9.4
2.6
7.9
NA
NA
NA
0
69.6
16.8
0.5
6.5
1.5
5.1
NA
NA
NA
0
80.9
12.1
0.5
3
1.1
2.5
NA
NA
NA
19.2
22.3
10.1
6.7
22.5
11
8.3
NA
NA
NA
100
0
0
0
0
0
0
NA
NA
NA
100
0
0
0
0
0
0
NA
NA
NA
100
0
0
0
0
0
0
NA
NA
NA
0
5.1
8
6.2
60.8
19.9
0
NA
NA
NA
0
7
9.9
8.3
30.7
28.6
15.5
NA
NA
NA
0
9.4
12.3
8.6
30.5
20.1
19.1
NA
NA
NA
0
13.3
14
8.4
30.6
17.2
16.5
NA
NA
NA
0
17.5
15.6
8.7
28.9
14.9
14.4
NA
NA
NA
0
21
14.4
10.4
29.4
12.3
12.4
NA
NA
NA
0
24.4
13.3
12.2
27.5
12.1
10.5
NA
NA
NA
0
27.8
12.2
13.9
25.6
11
9.4
NA
NA
NA
0
31.3
11.1
15.7
23.7
10
8.2
NA
NA
NA
0
46.1
15
1.7
21.5
8.8
6.9
NA
NA
NA
0
58.6
16
1.5
15.3
3
5.7
NA
NA
NA
0
70.1
14.3
1.1
9
1.8
3.7
NA
NA
NA
0
77.2
10.5
0.7
7.4
1.3
3
NA
NA
NA
0
86
5.7
0.6
4.2
1
2.4
NA
NA
NA
0
89.5
4.8
0.3
2.6
0.8
1.8
NA
NA
NA
0
92.1
4.1
0.3
1.8
0.5
1.3
NA
NA
NA
0
95.3
2.5
0.2
0.8
0.4
0.8
NA
NA
NA
0
96.8
1.8
0.1
0.6
0.1
0.5
NA
NA
NA
17.4
15.5
10.6
7.1
23.9
12.3
13.3
NA
NA
NA
100
0
0
0
0
0
0
NA
NA
NA
100
0
0
0
0
0
0
NA
NA
NA
100
0
0
0
0
0
0
NA
NA
NA
0
2.6
5.2
5.7
63.5
23.1
0
NA
NA
NA
0
3.7
6.9
6.4
30.4
31.4
21.2
NA
NA
NA
0
5.1
8.3
8.2
30.2
20.9
27.2
NA
NA
NA
0
7
10.6
8.7
30.1
19.2
24.4
NA
NA
NA
0
9.7
12.1
8.9
30.3
16.6
22.5
NA
NA
NA
0
12.9
14
9
29
14.9
20.1
NA
NA
NA
0
15.4
14.1
11.1
28.6
13
17.7
NA
NA
NA
0
17.9
14.3
12.6
27.3
12.3
15.6
NA
NA
NA
0
21.4
13.5
14
25.9
11.2
14
NA
NA
NA
0
24.9
12.6
15.5
24.3
10.1
12.7
NA
NA
NA
0
34.4
19.5
3.3
22.9
8.4
11.5
NA
NA
NA
0
42.9
20.9
3
18.2
5
10
NA
NA
NA
0
51.4
21
1.7
14.1
3.7
8.1
NA
NA
NA
0
56
18.7
1
13.7
3.1
7.4
NA
NA
NA
0
66.1
14
0.8
9.6
2.4
7.1
NA
NA
NA
0
71.5
12.8
0.6
7.4
1.9
5.9
NA
NA
NA
0
76.6
11.5
0.5
5.4
1.5
4.6
NA
NA
NA
0
86
7.7
0.3
2.8
0.8
2.4
NA
NA
NA
16.8
11.6
11.3
7.3
24.3
12.2
16.5
NA
NA
NA
100
0
0
0
0
0
0
NA
NA
NA
100
0
0
0
0
0
0
NA
NA
NA
100
0
0
0
0
0
0
NA
NA
NA
0
1.7
4.5
5.8
64.3
23.7
0
NA
NA
NA
0
2.5
5.9
6.7
30
30.5
24.4
NA
NA
NA
0
3.5
6.9
8.2
30.1
19.8
31.6
NA
NA
NA
0
4.9
9.1
8.8
29.7
18.3
29.2
NA
NA
NA
0
6.6
10.7
9.3
30.2
15.7
27.5
NA
NA
NA
0
8.9
12.7
9.3
29.3
14.7
25.1
NA
NA
NA
0
10.6
14
11.7
27.9
13.6
22.4
NA
NA
NA
0
12.2
15.3
13
27
12.4
20.1
NA
NA
NA
0
15.8
14.7
14.1
26
11.3
18
NA
NA
NA
0
19.7
13.9
15.3
24.7
10
16.4
NA
NA
NA
0
26.5
22.7
4.5
23.7
7.9
14.6
NA
NA
NA
0
31.8
24.6
4
20.1
6.5
13
NA
NA
NA
0
36.8
26.3
2.1
18.1
5.2
11.5
NA
NA
NA
0
40
25.1
1.3
18.4
4.5
10.8
NA
NA
NA
0
49.1
21.1
1
14.3
3.5
11
NA
NA
NA
0
54.7
20.2
0.8
11.7
2.9
9.6
NA
NA
NA
0
57.6
20.7
0.8
9.8
2.8
8.4
NA
NA
NA
0
70.7
16.1
0.5
6.1
1.5
5
NA
NA
NA
18.1
19.9
9.8
6.8
23.5
12.4
9.6
NA
NA
NA
100
0
0
0
0
0
0
NA
NA
NA
100
0
0
0
0
0
0
NA
NA
NA
100
0
0
0
0
0
0
NA
NA
NA
0
3.5
5.9
5.6
62.6
22.4
0
NA
NA
NA
0
5.1
7.9
6.2
30.8
32.3
17.7
NA
NA
NA
0
6.9
9.8
8.3
30.4
22.1
22.5
NA
NA
NA
0
9.4
12.3
8.7
30.6
20.1
19
NA
NA
NA
0
13.1
13.8
8.4
30.4
17.5
16.8
NA
NA
NA
0
17.4
15.5
8.7
28.8
15.1
14.6
NA
NA
NA
0
20.8
14.4
10.4
29.3
12.5
12.6
NA
NA
NA
0
24.3
13.2
12.2
27.5
12.2
10.6
NA
NA
NA
0
27.6
12.2
13.9
25.7
11.1
9.5
NA
NA
NA
0
31
11
15.6
23.8
10.1
8.3
NA
NA
NA
0
45.7
14.9
1.7
21.7
8.9
7.1
NA
NA
NA
0
58.1
15.9
1.5
15.5
3.1
5.8
NA
NA
NA
0
69.6
14.3
1.1
9.2
1.9
3.9
NA
NA
NA
0
76.7
10.5
0.7
7.6
1.4
3.2
NA
NA
NA
0
85.6
5.7
0.6
4.4
1.1
2.6
NA
NA
NA
0
89.3
4.9
0.4
2.7
0.9
1.9
NA
NA
NA
0
91.9
4.1
0.3
1.8
0.5
1.4
NA
NA
NA
0
95.5
2.4
0.2
0.8
0.3
0.8
NA
NA
NA
16.6
13.6
9.9
7
24.5
13.6
14.8
NA
NA
NA
100
0
0
0
0
0
0
NA
NA
NA
100
0
0
0
0
0
0
NA
NA
NA
100
0
0
0
0
0
0
NA
NA
NA
0
1.7
3.8
4.7
64.6
25.2
0
NA
NA
NA
0
2.6
5.1
5.7
28.6
34.7
23.3
NA
NA
NA
0
3.7
6.7
6.4
29.8
22.8
30.5
NA
NA
NA
0
5.1
8.3
8.2
30.3
20.8
27.3
NA
NA
NA
0
6.9
10.4
8.7
29.6
19.7
24.7
NA
NA
NA
0
9.6
12
8.8
30
17
22.7
NA
NA
NA
0
12.8
13.8
9
28.9
15.2
20.3
NA
NA
NA
0
15.3
14
11.1
28.5
13.2
17.9
NA
NA
NA
0
17.7
14.2
12.6
27.3
12.5
15.8
NA
NA
NA
0
21.2
13.4
14
25.9
11.4
14.2
NA
NA
NA
0
24.6
12.5
15.4
24.5
10.2
12.9
NA
NA
NA
0
33.9
19.3
3.3
23.1
8.5
11.8
NA
NA
NA
0
42.2
20.7
3
18.5
5.2
10.4
NA
NA
NA
0
50.8
20.7
1.7
14.5
3.8
8.5
NA
NA
NA
0
55.8
18.2
1
13.9
3.2
7.8
NA
NA
NA
0
66.5
13.3
0.8
9.6
2.4
7.3
NA
NA
NA
0
73
11.8
0.6
7
1.9
5.7
NA
NA
NA
0
80.3
9.6
0.4
4.5
1.3
3.9
NA
NA
NA
16
10
10.4
7.3
24.8
13.4
18.1
NA
NA
NA
100
0
0
0
0
0
0
NA
NA
NA
100
0
0
0
0
0
0
NA
NA
NA
100
0
0
0
0
0
0
NA
NA
NA
0
1.2
3.4
4.8
65.2
25.5
0
NA
NA
NA
0
1.7
4.4
5.8
28.5
33.3
26.3
NA
NA
NA
0
2.5
5.7
6.7
29.3
21
34.9
NA
NA
NA
0
3.5
6.9
8.2
30.2
19.6
31.6
NA
NA
NA
0
4.8
8.8
8.8
29.1
19.2
29.3
NA
NA
NA
0
6.6
10.4
9.3
29.8
16.3
27.6
NA
NA
NA
0
8.8
12.5
9.3
29.1
15.1
25.2
NA
NA
NA
0
10.4
13.8
11.7
27.8
13.8
22.5
NA
NA
NA
0
12
15.1
12.9
27
12.6
20.3
NA
NA
NA
0
15.6
14.6
14
26.1
11.5
18.2
NA
NA
NA
0
19.3
13.8
15.2
24.9
10.2
16.6
NA
NA
NA
0
26
22.5
4.5
24
8.1
14.9
NA
NA
NA
0
31
24.2
4.1
20.5
6.7
13.5
NA
NA
NA
0
35.8
26
2.1
18.6
5.4
12.2
NA
NA
NA
0
38.7
24.7
1.3
19
4.7
11.5
NA
NA
NA
0
47.7
20.9
1
14.8
3.7
11.9
NA
NA
NA
0
53.7
20.1
0.8
12.1
3
10.2
NA
NA
NA
0
58.8
20
0.7
9.5
2.7
8.3
NA
NA
NA
17.2
17.6
9.4
6.7
24.2
13.9
11.1
NA
NA
NA
100
0
0
0
0
0
0
NA
NA
NA
100
0
0
0
0
0
0
NA
NA
NA
100
0
0
0
0
0
0
NA
NA
NA
0
2.3
4.3
4.6
64
24.8
0
NA
NA
NA
0
3.5
5.8
5.6
28.8
36.2
20.1
NA
NA
NA
0
5.1
7.8
6.2
30.5
24.8
25.6
NA
NA
NA
0
6.9
9.8
8.3
30.5
22.1
22.4
NA
NA
NA
0
9.3
12.1
8.6
30.3
20.3
19.3
NA
NA
NA
0
13
13.7
8.4
30.2
17.7
17
NA
NA
NA
0
17.3
15.4
8.7
28.7
15.2
14.7
NA
NA
NA
0
20.7
14.3
10.4
29.3
12.6
12.7
NA
NA
NA
0
24.1
13.2
12.2
27.6
12.3
10.7
NA
NA
NA
0
27.4
12.1
13.9
25.8
11.2
9.6
NA
NA
NA
0
30.8
11
15.6
24
10.2
8.5
NA
NA
NA
0
45.2
14.9
1.7
21.9
9.1
7.2
NA
NA
NA
0
57.6
15.9
1.5
15.8
3.2
6
NA
NA
NA
0
69.1
14.3
1.1
9.5
1.9
4.1
NA
NA
NA
0
76.2
10.5
0.7
7.8
1.4
3.3
NA
NA
NA
0
85.2
5.8
0.6
4.5
1.1
2.7
NA
NA
NA
0
89
4.9
0.4
2.8
0.9
2
NA
NA
NA
0
92.4
3.8
0.3
1.7
0.5
1.4
NA
NA
NA
15.8
11.7
9.1
6.9
24.9
15
16.5
NA
NA
NA
100
0
0
0
0
0
0
NA
NA
NA
100
0
0
0
0
0
0
NA
NA
NA
100
0
0
0
0
0
0
NA
NA
NA
0
1.1
2.6
3.9
65.2
27.2
0
NA
NA
NA
0
1.7
3.8
4.7
26.6
37.7
25.6
NA
NA
NA
0
2.6
5
5.7
28.1
25.1
33.6
NA
NA
NA
0
3.7
6.7
6.4
29.9
22.7
30.5
NA
NA
NA
0
5.1
8.1
8.2
29.8
21.3
27.5
NA
NA
NA
0
6.9
10.2
8.7
29.4
20.1
24.8
NA
NA
NA
0
9.5
11.8
8.8
29.8
17.2
22.8
NA
NA
NA
0
12.7
13.7
9
28.8
15.4
20.4
NA
NA
NA
0
15.1
13.9
11
28.5
13.4
18
NA
NA
NA
0
17.5
14.1
12.5
27.3
12.6
15.9
NA
NA
NA
0
20.9
13.3
13.9
26.1
11.5
14.4
NA
NA
NA
0
24.2
12.3
15.3
24.6
10.4
13.1
NA
NA
NA
0
33.3
19.1
3.3
23.4
8.7
12.1
NA
NA
NA
0
41.6
20.4
3
18.9
5.4
10.8
NA
NA
NA
0
50.6
20.2
1.6
14.7
3.9
8.9
NA
NA
NA
0
56.2
17.5
1
14
3.3
8
NA
NA
NA
0
68.2
12.2
0.8
9.3
2.4
7.2
NA
NA
NA
0
76.5
10.2
0.5
6.1
1.7
5
NA
NA
NA
15.3
8.5
9.4
7.2
25.1
14.7
19.9
NA
NA
NA
100
0
0
0
0
0
0
NA
NA
NA
100
0
0
0
0
0
0
NA
NA
NA
100
0
0
0
0
0
0
NA
NA
NA
0
0.8
2.4
3.8
65.6
27.4
0
NA
NA
NA
0
1.2
3.3
4.8
26.6
35.8
28.2
NA
NA
NA
0
1.7
4.3
5.8
27.7
22.8
37.7
NA
NA
NA
0
2.5
5.7
6.7
29.4
20.8
34.8
NA
NA
NA
0
3.5
6.7
8.1
29.5
20.5
31.7
NA
NA
NA
0
4.8
8.6
8.7
28.7
19.7
29.5
NA
NA
NA
0
6.5
10.3
9.2
29.5
16.7
27.7
NA
NA
NA
0
8.7
12.3
9.3
29
15.4
25.4
NA
NA
NA
0
10.3
13.6
11.6
27.8
14
22.7
NA
NA
NA
0
11.8
15
12.9
27.1
12.7
20.5
NA
NA
NA
0
15.3
14.4
14
26.2
11.6
18.5
NA
NA
NA
0
18.9
13.6
15.1
25
10.4
17
NA
NA
NA
0
25.3
22.1
4.5
24.3
8.4
15.5
NA
NA
NA
0
30
23.8
4
21
7
14.2
NA
NA
NA
0
34.6
25.5
2.1
19.2
5.7
13
NA
NA
NA
0
37.5
24.2
1.3
19.7
5
12.4
NA
NA
NA
0
46.6
20.6
1
15.2
3.9
12.7
NA
NA
NA
0
53.6
20
0.8
12.1
3.1
10.4
NA
NA
NA
16.4
15.3
8.9
6.7
24.7
15.4
12.6
NA
NA
NA
100
0
0
0
0
0
0
NA
NA
NA
100
0
0
0
0
0
0
NA
NA
NA
100
0
0
0
0
0
0
NA
NA
NA
0
1.4
2.8
4.1
64.7
27
0
NA
NA
NA
0
2.3
4.3
4.6
26.6
39.6
22.6
NA
NA
NA
0
3.5
5.8
5.6
28.5
27.6
29
NA
NA
NA
0
5.1
7.9
6.2
30.5
24.8
25.6
NA
NA
NA
0
6.9
9.7
8.2
30.2
22.3
22.7
NA
NA
NA
0
9.3
12
8.6
30.2
20.4
19.5
NA
NA
NA
0
13
13.6
8.3
30.1
17.8
17.2
NA
NA
NA
0
17.2
15.3
8.6
28.7
15.3
14.8
NA
NA
NA
0
20.6
14.2
10.4
29.4
12.7
12.8
NA
NA
NA
0
23.9
13.1
12.1
27.6
12.4
10.8
NA
NA
NA
0
27.1
12
13.9
25.9
11.3
9.7
NA
NA
NA
0
30.4
10.9
15.6
24.2
10.3
8.6
NA
NA
NA
0
44.6
14.8
1.7
22.2
9.3
7.4
NA
NA
NA
0
57
15.9
1.5
16.1
3.3
6.3
NA
NA
NA
0
68.5
14.3
1.1
9.7
2
4.3
NA
NA
NA
0
75.7
10.5
0.7
8.1
1.5
3.5
NA
NA
NA
0
84.9
5.8
0.6
4.7
1.2
2.9
NA
NA
NA
0
89.3
4.7
0.3
2.7
0.9
2
NA
NA
NA
15.1
10
8.4
6.8
25.1
16.5
18.2
NA
NA
NA
100
0
0
0
0
0
0
NA
NA
NA
100
0
0
0
0
0
0
NA
NA
NA
100
0
0
0
0
0
0
NA
NA
NA
0
0.7
1.9
3.1
65.3
29.1
0
NA
NA
NA
0
1.1
2.6
4
24.1
40.2
28
NA
NA
NA
0
1.7
3.7
4.7
26.1
27.1
36.7
NA
NA
NA
0
2.5
5
5.7
28.2
25
33.6
NA
NA
NA
0
3.7
6.6
6.4
29.4
23.2
30.7
NA
NA
NA
0
5
8
8.1
29.5
21.6
27.7
NA
NA
NA
0
6.8
10.1
8.6
29.2
20.3
25
NA
NA
NA
0
9.4
11.7
8.8
29.7
17.4
22.9
NA
NA
NA
0
12.6
13.6
9
28.8
15.5
20.6
NA
NA
NA
0
15
13.8
11
28.5
13.5
18.2
NA
NA
NA
0
17.3
13.9
12.5
27.4
12.7
16.1
NA
NA
NA
0
20.5
13.1
13.8
26.2
11.6
14.6
NA
NA
NA
0
23.7
12.2
15.2
24.9
10.6
13.5
NA
NA
NA
0
32.7
18.7
3.3
23.8
9
12.6
NA
NA
NA
0
41.2
19.9
2.9
19.3
5.5
11.3
NA
NA
NA
0
50.9
19.5
1.6
14.8
4
9.2
NA
NA
NA
0
58
16.4
1
13.6
3.2
7.9
NA
NA
NA
0
72.2
10.6
0.7
8.1
2.1
6.3
NA
NA
NA
14.6
7.2
8.3
7
25.1
16
21.7
NA
NA
NA
100
0
0
0
0
0
0
NA
NA
NA
100
0
0
0
0
0
0
NA
NA
NA
100
0
0
0
0
0
0
NA
NA
NA
0
0.5
1.7
3.3
65.5
29
0
NA
NA
NA
0
0.8
2.4
3.8
24.3
38.1
30.7
NA
NA
NA
0
1.2
3.2
4.8
25.9
24.5
40.4
NA
NA
NA
0
1.7
4.3
5.8
27.8
22.6
37.7
NA
NA
NA
0
2.5
5.6
6.6
28.7
21.7
34.9
NA
NA
NA
0
3.5
6.6
8.1
29.1
21
31.8
NA
NA
NA
0
4.7
8.5
8.7
28.4
20.1
29.6
NA
NA
NA
0
6.4
10.1
9.2
29.4
17
27.9
NA
NA
NA
0
8.6
12.2
9.2
28.9
15.6
25.5
NA
NA
NA
0
10.2
13.5
11.6
27.8
14.2
22.9
NA
NA
NA
0
11.6
14.8
12.8
27.1
12.9
20.8
NA
NA
NA
0
15
14.2
13.9
26.3
11.8
18.8
NA
NA
NA
0
18.4
13.3
15
25.3
10.6
17.5
NA
NA
NA
0
24.4
21.6
4.4
24.7
8.6
16.2
NA
NA
NA
0
28.8
23.2
4
21.5
7.3
15.1
NA
NA
NA
0
33.3
24.9
2.1
19.8
6
14
NA
NA
NA
0
36.3
23.7
1.3
20.2
5.2
13.2
NA
NA
NA
0
46.8
20.3
0.9
15.1
3.9
13
NA
NA
NA
15.6
13.3
8.4
6.5
25
16.9
14.3
NA
NA
NA
100
0
0
0
0
0
0
NA
NA
NA
100
0
0
0
0
0
0
NA
NA
NA
100
0
0
0
0
0
0
NA
NA
NA
0
0.9
2.1
2.8
65
29.2
0
NA
NA
NA
0
1.4
2.8
4.1
24
42.6
25.1
NA
NA
NA
0
2.3
4.2
4.6
26.3
29.9
32.6
NA
NA
NA
0
3.5
5.8
5.6
28.5
27.6
29
NA
NA
NA
0
5
7.8
6.2
30.2
25
25.9
NA
NA
NA
0
6.9
9.6
8.2
30
22.4
22.9
NA
NA
NA
0
9.2
11.9
8.6
30.1
20.5
19.6
NA
NA
NA
0
12.9
13.5
8.3
30.1
17.9
17.3
NA
NA
NA
0
17.1
15.2
8.6
28.7
15.4
14.9
NA
NA
NA
0
20.4
14.1
10.4
29.4
12.8
12.9
NA
NA
NA
0
23.7
13
12.1
27.7
12.5
10.9
NA
NA
NA
0
26.8
12
13.8
26.1
11.5
9.9
NA
NA
NA
0
30
10.8
15.6
24.4
10.5
8.8
NA
NA
NA
0
44
14.7
1.7
22.5
9.5
7.6
NA
NA
NA
0
56.2
15.8
1.5
16.5
3.4
6.5
NA
NA
NA
0
67.9
14.3
1.1
10.1
2.1
4.5
NA
NA
NA
0
75.1
10.6
0.7
8.3
1.5
3.7
NA
NA
NA
0
85.3
5.6
0.6
4.4
1.1
2.9
NA
NA
NA
14.4
8.5
7.6
6.5
25
17.9
20.1
NA
NA
NA
100
0
0
0
0
0
0
NA
NA
NA
100
0
0
0
0
0
0
NA
NA
NA
100
0
0
0
0
0
0
NA
NA
NA
0
0.4
1.3
2.3
65.2
30.7
0
NA
NA
NA
0
0.7
1.9
3.1
21.4
42.9
30
NA
NA
NA
0
1.1
2.5
4
23.7
28.6
40.1
NA
NA
NA
0
1.7
3.7
4.7
26.2
26.9
36.7
NA
NA
NA
0
2.5
4.9
5.7
27.6
25.5
33.8
NA
NA
NA
0
3.7
6.5
6.4
29
23.5
30.9
NA
NA
NA
0
5
7.9
8.1
29.3
21.9
27.8
NA
NA
NA
0
6.8
10
8.6
29.1
20.4
25.1
NA
NA
NA
0
9.4
11.6
8.7
29.7
17.5
23.1
NA
NA
NA
0
12.4
13.5
8.9
28.8
15.6
20.7
NA
NA
NA
0
14.8
13.6
10.9
28.6
13.6
18.4
NA
NA
NA
0
17.1
13.8
12.4
27.5
12.9
16.4
NA
NA
NA
0
20.1
12.9
13.7
26.4
11.9
14.9
NA
NA
NA
0
23.2
11.9
15.1
25.1
10.8
13.9
NA
NA
NA
0
32.1
18.1
3.2
24.2
9.3
13.1
NA
NA
NA
0
41.2
19.2
2.8
19.6
5.6
11.6
NA
NA
NA
0
52.4
18.6
1.5
14.6
3.9
9.1
NA
NA
NA
0
62.8
14.3
0.9
12
2.8
7.2
NA
NA
NA
14
5.9
7.3
6.7
25
17.4
23.7
NA
NA
NA
100
0
0
0
0
0
0
NA
NA
NA
100
0
0
0
0
0
0
NA
NA
NA
100
0
0
0
0
0
0
NA
NA
NA
0
0.3
1.2
2.5
65.7
30.3
0
NA
NA
NA
0
0.5
1.7
3.3
21.7
40.6
32.2
NA
NA
NA
0
0.8
2.3
3.8
23.5
25.7
43.8
NA
NA
NA
0
1.2
3.3
4.8
26
24.4
40.3
NA
NA
NA
0
1.7
4.2
5.8
27.1
23.5
37.7
NA
NA
NA
0
2.5
5.5
6.6
28.2
22.2
35
NA
NA
NA
0
3.4
6.5
8.1
28.8
21.3
31.9
NA
NA
NA
0
4.7
8.4
8.6
28.3
20.3
29.7
NA
NA
NA
0
6.4
10
9.1
29.3
17.2
28
NA
NA
NA
0
8.5
12
9.2
28.9
15.7
25.7
NA
NA
NA
0
10
13.3
11.5
27.8
14.3
23.1
NA
NA
NA
0
11.4
14.5
12.7
27.2
13.1
21.1
NA
NA
NA
0
14.5
13.9
13.7
26.5
12.1
19.3
NA
NA
NA
0
17.6
12.9
14.8
25.6
10.9
18.2
NA
NA
NA
0
23.3
20.9
4.4
25.2
9
17.1
NA
NA
NA
0
27.6
22.6
4
22.1
7.6
16.2
NA
NA
NA
0
32.1
24.4
2.1
20.3
6.2
14.9
NA
NA
NA
0
36.8
23
1.3
19.9
5.2
13.8
NA
NA
NA
14.9
11.4
7.8
6.3
25
18.5
16.1
NA
NA
NA
100
0
0
0
0
0
0
NA
NA
NA
100
0
0
0
0
0
0
NA
NA
NA
100
0
0
0
0
0
0
NA
NA
NA
0
0.5
1.5
2.1
64.7
31.2
0
NA
NA
NA
0
0.9
2.1
2.8
21.2
45.4
27.6
NA
NA
NA
0
1.4
2.8
4.1
23.8
31.9
36.1
NA
NA
NA
0
2.3
4.2
4.6
26.4
29.9
32.5
NA
NA
NA
0
3.5
5.7
5.6
28.2
27.8
29.3
NA
NA
NA
0
5
7.7
6.2
30
25.1
26.1
NA
NA
NA
0
6.8
9.6
8.2
29.9
22.5
23
NA
NA
NA
0
9.2
11.9
8.6
30
20.6
19.8
NA
NA
NA
0
12.8
13.4
8.3
30.1
17.9
17.4
NA
NA
NA
0
17
15.1
8.6
28.8
15.5
15.1
NA
NA
NA
0
20.2
14
10.3
29.5
12.9
13
NA
NA
NA
0
23.4
12.9
12.1
27.9
12.6
11.1
NA
NA
NA
0
26.4
11.9
13.8
26.3
11.6
10
NA
NA
NA
0
29.4
10.7
15.5
24.7
10.7
9
NA
NA
NA
0
43.2
14.5
1.7
22.9
9.7
7.9
NA
NA
NA
0
55.4
15.7
1.5
16.9
3.5
6.9
NA
NA
NA
0
67.2
14.3
1.1
10.4
2.2
4.8
NA
NA
NA
0
76.5
9.7
0.7
7.9
1.5
3.8
NA
NA
NA
13.8
7.1
6.8
6.2
24.7
19.3
22.1
NA
NA
NA
100
0
0
0
0
0
0
NA
NA
NA
100
0
0
0
0
0
0
NA
NA
NA
100
0
0
0
0
0
0
NA
NA
NA
0
0.3
0.8
1.8
64.9
32.2
0
NA
NA
NA
0
0.4
1.3
2.3
19
44.2
32.8
NA
NA
NA
0
0.7
1.8
3.1
21
30.3
43.1
NA
NA
NA
0
1.1
2.5
4
23.7
28.5
40.2
NA
NA
NA
0
1.7
3.6
4.7
25.6
27.4
36.9
NA
NA
NA
0
2.5
4.8
5.7
27.3
25.8
33.9
NA
NA
NA
0
3.6
6.4
6.4
28.8
23.7
31
NA
NA
NA
0
5
7.8
8.1
29.2
22
27.9
NA
NA
NA
0
6.7
9.9
8.6
29
20.6
25.2
NA
NA
NA
0
9.3
11.5
8.7
29.7
17.6
23.2
NA
NA
NA
0
12.3
13.3
8.9
28.9
15.7
20.9
NA
NA
NA
0
14.6
13.5
10.9
28.7
13.8
18.6
NA
NA
NA
0
16.7
13.5
12.3
27.7
13.1
16.7
NA
NA
NA
0
19.7
12.6
13.6
26.6
12.1
15.3
NA
NA
NA
0
22.6
11.5
14.9
25.5
11.1
14.3
NA
NA
NA
0
31.7
17.4
3.1
24.6
9.7
13.5
NA
NA
NA
0
42
18.4
2.6
19.7
5.6
11.7
NA
NA
NA
0
56.3
16.9
1.4
13.6
3.5
8.3
NA
NA
NA
13.5
4.8
6.4
6.3
24.7
18.6
25.7
NA
NA
NA
100
0
0
0
0
0
0
NA
NA
NA
100
0
0
0
0
0
0
NA
NA
NA
100
0
0
0
0
0
0
NA
NA
NA
0
0.2
0.8
1.9
65.3
31.8
0
NA
NA
NA
0
0.3
1.2
2.5
20.1
41.4
34.4
NA
NA
NA
0
0.5
1.6
3.3
21
27.5
45.9
NA
NA
NA
0
0.8
2.3
3.8
23.7
25.5
43.8
NA
NA
NA
0
1.2
3.2
4.8
25.3
25.1
40.3
NA
NA
NA
0
1.7
4.1
5.8
26.6
24
37.8
NA
NA
NA
0
2.5
5.4
6.6
27.9
22.5
35.1
NA
NA
NA
0
3.4
6.4
8
28.6
21.6
32
NA
NA
NA
0
4.7
8.3
8.6
28.2
20.4
29.8
NA
NA
NA
0
6.3
9.9
9.1
29.3
17.3
28.2
NA
NA
NA
0
8.3
11.9
9.1
28.9
15.8
26
NA
NA
NA
0
9.8
13.1
11.4
27.9
14.5
23.5
NA
NA
NA
0
11
14.2
12.5
27.4
13.3
21.6
NA
NA
NA
0
13.9
13.5
13.5
26.8
12.3
20
NA
NA
NA
0
16.7
12.5
14.5
26
11.3
19.1
NA
NA
NA
0
22.1
20.2
4.3
25.8
9.4
18.3
NA
NA
NA
0
26.4
21.9
3.9
22.6
8
17.3
NA
NA
NA
0
31.9
23.8
2
20.6
6.3
15.5
NA
NA
NA
14.3
9.6
7.2
6
24.8
20
18.1
NA
NA
NA
100
0
0
0
0
0
0
NA
NA
NA
100
0
0
0
0
0
0
NA
NA
NA
100
0
0
0
0
0
0
NA
NA
NA
0
0.3
0.9
1.6
64.5
32.7
0
NA
NA
NA
0
0.5
1.5
2.1
17.7
47.2
31
NA
NA
NA
0
0.9
2.1
2.8
20.9
33.5
39.8
NA
NA
NA
0
1.4
2.8
4.1
23.8
31.9
36
NA
NA
NA
0
2.3
4.2
4.6
26.1
30
32.8
NA
NA
NA
0
3.4
5.7
5.6
28
27.8
29.5
NA
NA
NA
0
5
7.6
6.2
29.9
25.1
26.2
NA
NA
NA
0
6.8
9.5
8.2
29.9
22.5
23.1
NA
NA
NA
0
9.1
11.8
8.5
30
20.7
19.9
NA
NA
NA
0
12.7
13.4
8.3
30.1
18
17.5
NA
NA
NA
0
16.8
15
8.6
28.8
15.6
15.2
NA
NA
NA
0
20
13.9
10.3
29.6
13
13.2
NA
NA
NA
0
23
12.8
12
28
12.8
11.3
NA
NA
NA
0
25.9
11.7
13.7
26.5
11.8
10.3
NA
NA
NA
0
28.8
10.6
15.4
25
10.9
9.3
NA
NA
NA
0
42.2
14.4
1.7
23.4
10
8.3
NA
NA
NA
0
54.5
15.6
1.5
17.4
3.7
7.2
NA
NA
NA
0
68.4
13.4
1.1
10.2
2.1
4.8
NA
NA
NA
13.3
5.8
6
5.7
24.3
20.6
24.2
NA
NA
NA
100
0
0
0
0
0
0
NA
NA
NA
100
0
0
0
0
0
0
NA
NA
NA
100
0
0
0
0
0
0
NA
NA
NA
0
0.2
0.5
1.3
64.5
33.5
0
NA
NA
NA
0
0.3
0.8
1.8
16.4
45.8
35
NA
NA
NA
0
0.4
1.3
2.4
18.6
30.5
46.9
NA
NA
NA
0
0.7
1.8
3.1
21.1
30.2
43.1
NA
NA
NA
0
1.1
2.5
4
23.3
28.9
40.3
NA
NA
NA
0
1.7
3.6
4.7
25.3
27.6
37
NA
NA
NA
0
2.5
4.8
5.7
27.1
25.9
34
NA
NA
NA
0
3.6
6.3
6.4
28.7
23.9
31.1
NA
NA
NA
0
4.9
7.8
8
29.1
22.1
28
NA
NA
NA
0
6.6
9.8
8.5
29
20.7
25.3
NA
NA
NA
0
9.1
11.4
8.7
29.7
17.7
23.4
NA
NA
NA
0
12.1
13.2
8.8
28.9
15.9
21.1
NA
NA
NA
0
14.3
13.2
10.8
28.8
13.9
18.9
NA
NA
NA
0
16.4
13.2
12.1
27.9
13.3
17.1
NA
NA
NA
0
19.3
12.2
13.4
26.9
12.4
15.8
NA
NA
NA
0
22.2
11.1
14.8
25.8
11.4
14.7
NA
NA
NA
0
31.9
16.6
2.9
25
10.1
13.6
NA
NA
NA
0
46
17.4
2.2
18.6
5
10.8
NA
NA
NA
13
3.8
5.5
5.8
24.2
19.9
27.8
NA
NA
NA
100
0
0
0
0
0
0
NA
NA
NA
100
0
0
0
0
0
0
NA
NA
NA
100
0
0
0
0
0
0
NA
NA
NA
0
0.1
0.5
1.4
65
33
0
NA
NA
NA
0
0.2
0.8
1.9
17.4
43
36.6
NA
NA
NA
0
0.3
1.2
2.6
19.5
27.5
49
NA
NA
NA
0
0.5
1.6
3.3
21.2
27.4
45.9
NA
NA
NA
0
0.8
2.3
3.9
23
26.3
43.7
NA
NA
NA
0
1.3
3.1
4.8
24.8
25.6
40.4
NA
NA
NA
0
1.7
4
5.8
26.4
24.3
37.8
NA
NA
NA
0
2.5
5.3
6.6
27.8
22.7
35.2
NA
NA
NA
0
3.4
6.3
8
28.5
21.7
32.1
NA
NA
NA
0
4.6
8.2
8.5
28.1
20.6
30
NA
NA
NA
0
6.2
9.8
9
29.3
17.4
28.4
NA
NA
NA
0
8.1
11.7
9
28.9
16
26.3
NA
NA
NA
0
9.4
12.8
11.2
27.9
14.7
23.9
NA
NA
NA
0
10.5
13.8
12.3
27.5
13.6
22.3
NA
NA
NA
0
13.1
12.9
13.2
27.1
12.7
21
NA
NA
NA
0
15.7
11.9
14.1
26.3
11.7
20.3
NA
NA
NA
0
21
19.4
4.2
26.2
9.7
19.4
NA
NA
NA
0
26.3
21.7
3.6
22.6
8
17.8
NA
NA
NA
13.7
8.1
6.6
5.6
24.4
21.4
20.2
NA
NA
NA
100
0
0
0
0
0
0
NA
NA
NA
100
0
0
0
0
0
0
NA
NA
NA
100
0
0
0
0
0
0
NA
NA
NA
0
0.2
0.6
1.2
64
34
0
NA
NA
NA
0
0.3
0.9
1.6
15.3
48.8
33.2
NA
NA
NA
0
0.5
1.5
2.1
17.6
33.9
44.4
NA
NA
NA
0
0.9
2.1
2.8
20.9
33.5
39.8
NA
NA
NA
0
1.4
2.7
4.1
23.5
31.9
36.3
NA
NA
NA
0
2.3
4.1
4.6
25.9
30.1
33
NA
NA
NA
0
3.4
5.6
5.6
27.9
27.9
29.6
NA
NA
NA
0
5
7.6
6.2
29.8
25.2
26.3
NA
NA
NA
0
6.7
9.5
8.1
29.8
22.6
23.2
NA
NA
NA
0
9
11.7
8.5
30
20.8
20
NA
NA
NA
0
12.6
13.3
8.3
30.2
18.1
17.6
NA
NA
NA
0
16.6
14.9
8.6
28.9
15.7
15.3
NA
NA
NA
0
19.7
13.8
10.3
29.8
13.1
13.4
NA
NA
NA
0
22.6
12.7
12
28.3
13
11.5
NA
NA
NA
0
25.3
11.5
13.6
26.8
12.1
10.6
NA
NA
NA
0
28
10.4
15.3
25.4
11.2
9.7
NA
NA
NA
0
41.1
14.1
1.7
23.9
10.4
8.7
NA
NA
NA
0
56.4
15.2
1.4
16.4
3.5
7.1
NA
NA
NA
12.9
4.8
5.3
5.3
23.6
21.8
26.4
NA
NA
NA
100
0
0
0
0
0
0
NA
NA
NA
100
0
0
0
0
0
0
NA
NA
NA
100
0
0
0
0
0
0
NA
NA
NA
0
0.1
0.4
1
64
34.6
0
NA
NA
NA
0
0.2
0.5
1.3
14.2
46.6
37.2
NA
NA
NA
0
0.3
0.8
1.8
16
31.1
50
NA
NA
NA
0
0.4
1.3
2.4
18.7
30.3
46.9
NA
NA
NA
0
0.7
1.8
3.1
20.6
30.5
43.2
NA
NA
NA
0
1.1
2.4
4
22.9
29.1
40.4
NA
NA
NA
0
1.7
3.5
4.7
25.1
27.8
37.1
NA
NA
NA
0
2.5
4.7
5.6
26.9
26.1
34.1
NA
NA
NA
0
3.6
6.3
6.4
28.6
24
31.2
NA
NA
NA
0
4.9
7.7
8
29.1
22.2
28.1
NA
NA
NA
0
6.6
9.7
8.5
29
20.7
25.5
NA
NA
NA
0
9
11.3
8.6
29.7
17.9
23.6
NA
NA
NA
0
11.9
13
8.7
29
16
21.4
NA
NA
NA
0
14
13
10.6
29
14.1
19.3
NA
NA
NA
0
16
12.8
11.9
28.2
13.6
17.5
NA
NA
NA
0
18.9
11.8
13.2
27.3
12.7
16.2
NA
NA
NA
0
21.9
10.7
14.6
26.2
11.8
14.8
NA
NA
NA
0
35
16
2.5
24.1
9.5
12.9
NA
NA
NA
12.5
3
4.7
5.3
23.5
21
29.9
NA
NA
NA
100
0
0
0
0
0
0
NA
NA
NA
100
0
0
0
0
0
0
NA
NA
NA
100
0
0
0
0
0
0
NA
NA
NA
0
0.1
0.3
1
64.6
33.9
0
NA
NA
NA
0
0.1
0.5
1.4
15.3
44.2
38.4
NA
NA
NA
0
0.2
0.8
2
16.8
28.1
52.1
NA
NA
NA
0
0.3
1.2
2.6
19.6
27.3
49
NA
NA
NA
0
0.5
1.6
3.4
20.6
28.1
45.9
NA
NA
NA
0
0.9
2.2
3.9
22.6
26.8
43.7
NA
NA
NA
0
1.3
3.1
4.8
24.6
25.9
40.4
NA
NA
NA
0
1.7
4
5.7
26.2
24.5
37.9
NA
NA
NA
0
2.5
5.2
6.5
27.6
22.9
35.3
NA
NA
NA
0
3.3
6.2
7.9
28.4
21.8
32.3
NA
NA
NA
0
4.5
8.1
8.5
28.1
20.7
30.2
NA
NA
NA
0
6
9.6
8.9
29.2
17.5
28.7
NA
NA
NA
0
7.9
11.4
8.9
28.9
16.2
26.7
NA
NA
NA
0
9
12.4
11
28.1
14.9
24.6
NA
NA
NA
0
9.9
13.2
12
27.8
13.9
23.2
NA
NA
NA
0
12.3
12.3
12.8
27.3
13.1
22.2
NA
NA
NA
0
14.8
11.4
13.7
26.6
12.1
21.5
NA
NA
NA
0
20.9
19.2
4.1
26
9.8
20.1
NA
NA
NA
13.2
6.7
6
5.2
23.7
22.7
22.4
NA
NA
NA
100
0
0
0
0
0
0
NA
NA
NA
100
0
0
0
0
0
0
NA
NA
NA
100
0
0
0
0
0
0
NA
NA
NA
0
0.1
0.4
0.9
63.3
35.3
0
NA
NA
NA
0
0.2
0.6
1.2
13
49.1
35.9
NA
NA
NA
0
0.3
0.9
1.6
15.1
34.5
47.5
NA
NA
NA
0
0.5
1.5
2.1
17.6
33.9
44.4
NA
NA
NA
0
0.9
2
2.8
20.7
33.5
40
NA
NA
NA
0
1.4
2.7
4.1
23.4
32
36.4
NA
NA
NA
0
2.3
4.1
4.6
25.8
30.1
33.1
NA
NA
NA
0
3.4
5.6
5.6
27.8
27.9
29.7
NA
NA
NA
0
4.9
7.5
6.1
29.8
25.2
26.4
NA
NA
NA
0
6.7
9.4
8.1
29.8
22.7
23.3
NA
NA
NA
0
9
11.7
8.5
30
20.8
20.1
NA
NA
NA
0
12.4
13.2
8.2
30.2
18.2
17.8
NA
NA
NA
0
16.4
14.8
8.5
29
15.8
15.5
NA
NA
NA
0
19.3
13.6
10.2
30
13.3
13.6
NA
NA
NA
0
22
12.4
11.9
28.6
13.2
11.8
NA
NA
NA
0
24.6
11.3
13.5
27.2
12.4
11
NA
NA
NA
0
27.1
10.2
15.2
25.8
11.6
10.1
NA
NA
NA
0
43.1
14.2
1.7
23
9.3
8.8
NA
NA
NA
12.5
3.8
4.7
4.7
22.8
22.9
28.6
NA
NA
NA
100
0
0
0
0
0
0
NA
NA
NA
100
0
0
0
0
0
0
NA
NA
NA
100
0
0
0
0
0
0
NA
NA
NA
0
0
0.2
0.7
63.4
35.7
0
NA
NA
NA
0
0.1
0.3
1
12.1
47
39.5
NA
NA
NA
0
0.2
0.5
1.4
13.9
30.9
53.2
NA
NA
NA
0
0.3
0.8
1.8
16.1
30.9
50
NA
NA
NA
0
0.4
1.3
2.4
18.3
30.7
47
NA
NA
NA
0
0.7
1.8
3.1
20.3
30.7
43.3
NA
NA
NA
0
1.1
2.4
4
22.8
29.3
40.5
NA
NA
NA
0
1.7
3.5
4.7
25
27.9
37.2
NA
NA
NA
0
2.5
4.7
5.6
26.8
26.1
34.2
NA
NA
NA
0
3.6
6.2
6.3
28.6
24
31.3
NA
NA
NA
0
4.8
7.6
8
29
22.3
28.3
NA
NA
NA
0
6.5
9.6
8.4
29
20.8
25.7
NA
NA
NA
0
8.8
11.1
8.5
29.7
18
23.9
NA
NA
NA
0
11.6
12.7
8.6
29.1
16.2
21.8
NA
NA
NA
0
13.6
12.6
10.4
29.2
14.4
19.8
NA
NA
NA
0
15.7
12.3
11.7
28.5
13.9
17.9
NA
NA
NA
0
18.7
11.3
13
27.6
13.1
16.4
NA
NA
NA
0
24.6
11.3
12
26.1
11.7
14.3
NA
NA
NA
12.1
2.4
4
4.7
22.6
22
32
NA
NA
NA
100
0
0
0
0
0
0
NA
NA
NA
100
0
0
0
0
0
0
NA
NA
NA
100
0
0
0
0
0
0
NA
NA
NA
0
0
0.2
0.7
64
35.1
0
NA
NA
NA
0
0.1
0.3
1
13.6
44.7
40.2
NA
NA
NA
0
0.1
0.5
1.5
14.8
28.4
54.7
NA
NA
NA
0
0.2
0.8
2
16.9
27.9
52.2
NA
NA
NA
0
0.3
1.1
2.6
19
28
48.9
NA
NA
NA
0
0.6
1.6
3.4
20.2
28.5
45.8
NA
NA
NA
0
0.9
2.2
3.9
22.3
27
43.7
NA
NA
NA
0
1.2
3
4.8
24.4
26.1
40.5
NA
NA
NA
0
1.7
3.9
5.7
26.1
24.6
38
NA
NA
NA
0
2.4
5.2
6.5
27.5
23
35.4
NA
NA
NA
0
3.3
6.2
7.9
28.4
21.9
32.4
NA
NA
NA
0
4.4
7.9
8.4
28
20.8
30.4
NA
NA
NA
0
5.8
9.4
8.8
29.2
17.7
29.1
NA
NA
NA
0
7.5
11
8.7
29
16.4
27.4
NA
NA
NA
0
8.5
11.8
10.7
28.2
15.3
25.6
NA
NA
NA
0
9.2
12.5
11.6
27.9
14.3
24.5
NA
NA
NA
0
11.5
11.7
12.4
27.5
13.5
23.4
NA
NA
NA
0
15.1
12.3
11.7
26.7
12
22.2
NA
NA
NA
12.8
5.5
5.4
4.7
22.9
23.9
24.7
NA
NA
NA
100
0
0
0
0
0
0
NA
NA
NA
100
0
0
0
0
0
0
NA
NA
NA
100
0
0
0
0
0
0
NA
NA
NA
0
0.1
0.2
0.6
62.7
36.4
0
NA
NA
NA
0
0.1
0.4
0.9
10.4
49.4
38.8
NA
NA
NA
0
0.2
0.6
1.2
12.9
33.7
51.5
NA
NA
NA
0
0.3
0.9
1.6
15.1
34.6
47.5
NA
NA
NA
0
0.5
1.5
2.1
17.4
33.9
44.6
NA
NA
NA
0
0.9
2
2.8
20.5
33.5
40.1
NA
NA
NA
0
1.4
2.7
4.1
23.3
32
36.6
NA
NA
NA
0
2.3
4.1
4.6
25.7
30.1
33.2
NA
NA
NA
0
3.4
5.6
5.5
27.8
28
29.8
NA
NA
NA
0
4.9
7.5
6.1
29.7
25.3
26.5
NA
NA
NA
0
6.6
9.3
8.1
29.8
22.7
23.4
NA
NA
NA
0
8.9
11.6
8.4
30
20.9
20.2
NA
NA
NA
0
12.2
13
8.2
30.3
18.3
18
NA
NA
NA
0
16
14.6
8.5
29.2
16
15.8
NA
NA
NA
0
18.8
13.4
10.1
30.2
13.5
14
NA
NA
NA
0
21.3
12.2
11.8
28.9
13.5
12.3
NA
NA
NA
0
23.7
11
13.4
27.7
12.8
11.5
NA
NA
NA
0
29.3
10.8
12.2
25.8
11.6
10.3
NA
NA
NA
12.1
3.1
4.1
4.2
21.8
23.9
30.9
NA
NA
NA
100
0
0
0
0
0
0
NA
NA
NA
100
0
0
0
0
0
0
NA
NA
NA
100
0
0
0
0
0
0
NA
NA
NA
0
0
0.1
0.5
62.9
36.6
0
NA
NA
NA
0
0.1
0.2
0.7
9.8
47.6
41.7
NA
NA
NA
0
0.1
0.3
1
11.8
30.3
56.4
NA
NA
NA
0
0.2
0.5
1.4
14
30.7
53.2
NA
NA
NA
0
0.3
0.8
1.8
15.8
31.2
50.1
NA
NA
NA
0
0.4
1.3
2.4
18
30.9
47
NA
NA
NA
0
0.7
1.8
3.1
20.2
30.9
43.3
NA
NA
NA
0
1.1
2.4
4
22.6
29.4
40.5
NA
NA
NA
0
1.7
3.5
4.7
24.9
28
37.3
NA
NA
NA
0
2.5
4.7
5.6
26.8
26.2
34.3
NA
NA
NA
0
3.5
6.2
6.3
28.5
24.1
31.4
NA
NA
NA
0
4.8
7.5
7.9
29
22.4
28.5
NA
NA
NA
0
6.4
9.5
8.3
28.9
21
25.9
NA
NA
NA
0
8.6
10.8
8.3
29.7
18.2
24.2
NA
NA
NA
0
11.3
12.4
8.4
29.2
16.5
22.3
NA
NA
NA
0
13.3
12.2
10.1
29.5
14.7
20.2
NA
NA
NA
0
15.6
11.8
11.4
28.8
14.3
18.2
NA
NA
NA
0
19.9
10.8
12.8
27.6
13.1
15.8
NA
NA
NA
11.7
1.9
3.4
4.2
21.7
23
34.2
NA
NA
NA
100
0
0
0
0
0
0
NA
NA
NA
100
0
0
0
0
0
0
NA
NA
NA
100
0
0
0
0
0
0
NA
NA
NA
0
0
0.1
0.6
63.4
35.9
0
NA
NA
NA
0
0
0.2
0.7
11.3
45.7
42.1
NA
NA
NA
0
0.1
0.3
1.1
13.1
28.2
57.2
NA
NA
NA
0
0.1
0.5
1.5
14.9
28.2
54.7
NA
NA
NA
0
0.2
0.8
2
16.4
28.5
52
NA
NA
NA
0
0.4
1.1
2.6
18.7
28.4
48.9
NA
NA
NA
0
0.6
1.6
3.4
20
28.7
45.8
NA
NA
NA
0
0.9
2.2
3.9
22.2
27.2
43.7
NA
NA
NA
0
1.2
3
4.8
24.3
26.2
40.5
NA
NA
NA
0
1.7
3.9
5.7
26
24.7
38.1
NA
NA
NA
0
2.4
5.1
6.4
27.5
23.1
35.5
NA
NA
NA
0
3.2
6
7.8
28.3
22
32.7
NA
NA
NA
0
4.3
7.7
8.2
28
21
30.8
NA
NA
NA
0
5.6
9
8.6
29.2
17.9
29.7
NA
NA
NA
0
7
10.5
8.4
29
16.7
28.3
NA
NA
NA
0
7.9
11.1
10.3
28.3
15.7
26.8
NA
NA
NA
0
8.6
11.8
11.1
28
14.7
25.8
NA
NA
NA
0
11.5
11.2
12
27.5
13.6
24.2
NA
NA
NA
12.4
4.4
4.8
4.2
22
25
27.2
NA
NA
NA
100
0
0
0
0
0
0
NA
NA
NA
100
0
0
0
0
0
0
NA
NA
NA
100
0
0
0
0
0
0
NA
NA
NA
0
0
0.1
0.3
62.3
37.2
0
NA
NA
NA
0
0.1
0.2
0.6
8
49.8
41.2
NA
NA
NA
0
0.1
0.4
0.9
10.3
32.8
55.5
NA
NA
NA
0
0.2
0.6
1.2
12.9
33.7
51.4
NA
NA
NA
0
0.3
0.9
1.6
15
34.5
47.7
NA
NA
NA
0
0.5
1.5
2.2
17.3
33.9
44.7
NA
NA
NA
0
0.9
2
2.8
20.5
33.5
40.2
NA
NA
NA
0
1.4
2.7
4.1
23.2
32
36.6
NA
NA
NA
0
2.3
4.1
4.6
25.7
30.2
33.3
NA
NA
NA
0
3.4
5.5
5.5
27.7
28
29.8
NA
NA
NA
0
4.8
7.5
6.1
29.7
25.3
26.6
NA
NA
NA
0
6.6
9.3
8
29.8
22.8
23.6
NA
NA
NA
0
8.7
11.4
8.4
30
21
20.4
NA
NA
NA
0
12
12.8
8.1
30.3
18.5
18.2
NA
NA
NA
0
15.6
14.3
8.4
29.3
16.2
16.2
NA
NA
NA
0
18.1
13.1
10
30.5
13.8
14.5
NA
NA
NA
0
20.5
11.8
11.6
29.3
14
12.8
NA
NA
NA
0
23.8
10.6
13.2
27.7
12.9
11.8
NA
NA
NA
11.6
2.4
3.5
3.7
20.8
24.8
33.2
NA
NA
NA
100
0
0
0
0
0
0
NA
NA
NA
100
0
0
0
0
0
0
NA
NA
NA
100
0
0
0
0
0
0
NA
NA
NA
0
0
0.1
0.3
62.4
37.2
0
NA
NA
NA
0
0
0.1
0.5
8
47.8
43.6
NA
NA
NA
0
0.1
0.2
0.7
9.5
30.1
59.4
NA
NA
NA
0
0.1
0.3
1
11.9
30.2
56.4
NA
NA
NA
0
0.2
0.5
1.4
13.7
31
53.2
NA
NA
NA
0
0.3
0.8
1.9
15.6
31.4
50.1
NA
NA
NA
0
0.4
1.3
2.4
17.9
31
47
NA
NA
NA
0
0.7
1.8
3.1
20.1
30.9
43.4
NA
NA
NA
0
1.1
2.4
4
22.6
29.4
40.6
NA
NA
NA
0
1.7
3.5
4.7
24.8
28
37.3
NA
NA
NA
0
2.4
4.6
5.6
26.7
26.3
34.4
NA
NA
NA
0
3.5
6.1
6.2
28.5
24.2
31.6
NA
NA
NA
0
4.7
7.4
7.8
28.9
22.5
28.7
NA
NA
NA
0
6.2
9.3
8.2
28.9
21.1
26.3
NA
NA
NA
0
8.4
10.6
8.1
29.8
18.4
24.7
NA
NA
NA
0
11
12
8.2
29.3
16.8
22.8
NA
NA
NA
0
13.1
11.7
9.8
29.8
15
20.6
NA
NA
NA
0
16.6
11.1
11.6
28.9
14.3
17.5
NA
NA
NA
11.3
1.4
2.8
3.7
20.6
23.8
36.3
NA
NA
NA
100
0
0
0
0
0
0
NA
NA
NA
100
0
0
0
0
0
0
NA
NA
NA
100
0
0
0
0
0
0
NA
NA
NA
0
0
0.1
0.4
63
36.5
0
NA
NA
NA
0
0
0.1
0.6
9.3
46.1
43.8
NA
NA
NA
0
0
0.2
0.8
10.9
28.3
59.8
NA
NA
NA
0
0.1
0.3
1.1
13.3
28
57.2
NA
NA
NA
0
0.1
0.5
1.5
14.5
28.9
54.5
NA
NA
NA
0
0.2
0.8
2
16.1
28.9
51.9
NA
NA
NA
0
0.4
1.1
2.6
18.4
28.6
48.8
NA
NA
NA
0
0.6
1.5
3.4
19.8
28.9
45.9
NA
NA
NA
0
0.9
2.1
3.9
22.1
27.3
43.8
NA
NA
NA
0
1.2
3
4.7
24.2
26.3
40.6
NA
NA
NA
0
1.7
3.9
5.6
25.9
24.8
38.2
NA
NA
NA
0
2.3
5
6.4
27.4
23.1
35.7
NA
NA
NA
0
3.1
5.9
7.6
28.2
22.1
33
NA
NA
NA
0
4.1
7.5
8
27.9
21.1
31.4
NA
NA
NA
0
5.2
8.6
8.3
29.1
18.2
30.6
NA
NA
NA
0
6.5
9.8
8.1
29
17
29.6
NA
NA
NA
0
7.2
10.4
9.8
28.3
16
28.3
NA
NA
NA
0
8.6
11.1
10.9
28
14.8
26.6
NA
NA
NA
12
3.5
4.2
3.8
20.9
25.9
29.7
NA
NA
NA
100
0
0
0
0
0
0
NA
NA
NA
100
0
0
0
0
0
0
NA
NA
NA
100
0
0
0
0
0
0
NA
NA
NA
0
0
0.1
0.2
61.7
38
0
NA
NA
NA
0
0
0.1
0.3
6.5
49.7
43.5
NA
NA
NA
0
0.1
0.2
0.6
8
32.1
59
NA
NA
NA
0
0.1
0.4
0.9
10.3
32.8
55.5
NA
NA
NA
0
0.2
0.6
1.2
12.7
33.7
51.6
NA
NA
NA
0
0.3
0.9
1.7
14.9
34.5
47.8
NA
NA
NA
0
0.5
1.4
2.2
17.2
33.9
44.8
NA
NA
NA
0
0.9
2
2.8
20.4
33.5
40.3
NA
NA
NA
0
1.4
2.7
4.1
23.1
32
36.7
NA
NA
NA
0
2.2
4
4.6
25.6
30.2
33.3
NA
NA
NA
0
3.4
5.5
5.5
27.7
28
29.9
NA
NA
NA
0
4.8
7.4
6.1
29.7
25.4
26.7
NA
NA
NA
0
6.5
9.2
8
29.8
22.9
23.7
NA
NA
NA
0
8.5
11.3
8.3
30.1
21.2
20.6
NA
NA
NA
0
11.7
12.6
8
30.5
18.7
18.6
NA
NA
NA
0
15
13.9
8.2
29.6
16.6
16.7
NA
NA
NA
0
17.3
12.6
9.8
30.9
14.2
15.1
NA
NA
NA
0
20.3
11.2
11.9
29.3
14.1
13.2
NA
NA
NA
